0 0.3984375 0.315625 0.021875 0.02734375
3 0.3515625 0.31640625 0.0375 0.06640625
3 0.46796875 0.31875 0.0390625 0.0625
0 0.39453125 0.33984375 0.0265625 0.02890625
0 0.51484375 0.340625 0.0171875 0.02265625
1 0.5703125 0.35390625 0.03125 0.05
3 0.32265625 0.35703125 0.0578125 0.08984375
0 0.38515625 0.35859375 0.0359375 0.04140625
0 0.49140625 0.36796875 0.0328125 0.03515625
0 0.52734375 0.37109375 0.0203125 0.02890625
0 0.653125 0.38359375 0.025 0.04140625
0 0.5453125 0.39609375 0.03125 0.04140625
1 0.234375 0.39765625 0.053125 0.08359375
1 0.62890625 0.40390625 0.0515625 0.075
0 0.3671875 0.41953125 0.04375 0.05625
0 0.50078125 0.43203125 0.0390625 0.05625
0 0.57890625 0.434375 0.0421875 0.05625
0 0.7078125 0.43984375 0.046875 0.05
0 0.33046875 0.453125 0.0515625 0.05625
0 0.61875 0.490625 0.053125 0.08984375
0 0.7046875 0.49375 0.065625 0.075
0 0.5234375 0.5 0.053125 0.07890625
0 0.17421875 0.61328125 0.0921875 0.10234375
0 0.29375 0.64375 0.09375 0.12109375
0 0.8609375 0.64453125 0.1 0.13125
1 0.7796875 0.70234375 0.184375 0.30859375