3 0.60234375 0.359375 0.0640625 0.11875
1 0.54765625 0.38125 0.0421875 0.07109375
1 0.6875 0.40390625 0.046875 0.07109375
1 0.64765625 0.40703125 0.0578125 0.08984375
0 0.571875 0.42265625 0.0375 0.05
0 0.48984375 0.42578125 0.0546875 0.05234375
0 0.59140625 0.45234375 0.0484375 0.07109375
0 0.51328125 0.47109375 0.0703125 0.0625
1 0.734375 0.478125 0.10625 0.14375
0 0.33515625 0.48671875 0.0671875 0.11015625
1 0.6234375 0.50859375 0.065625 0.125
0 0.525 0.5125 0.071875 0.06640625
3 0.8125 0.525 0.13125 0.13359375
1 0.6671875 0.55078125 0.1 0.18515625
1 0.534375 0.59921875 0.09375 0.12734375
1 0.0390625 0.61328125 0.078125 0.16875
1 0.734375 0.63828125 0.04375 0.15234375
3 0.86328125 0.703125 0.2109375 0.30625
0 0.575 0.71875 0.1125 0.14609375
0 0.60546875 0.83671875 0.1515625 0.16875
3 0.92265625 0.84375 0.1546875 0.3125
0 0.203125 0.9109375 0.178125 0.178125
0 0.64140625 0.94453125 0.1515625 0.11015625