0 0.3984375 0.32109375 0.01875 0.02890625
0 0.5765625 0.32890625 0.0125 0.02890625
3 0.5125 0.33203125 0.034375 0.04765625
0 0.46953125 0.33671875 0.0203125 0.03984375
3 0.33203125 0.34375 0.0484375 0.07109375
0 0.390625 0.34609375 0.01875 0.02890625
0 0.596875 0.35 0.025 0.03359375
0 0.478125 0.36640625 0.03125 0.0375
0 0.38515625 0.37109375 0.0203125 0.0375
1 0.63515625 0.39453125 0.0515625 0.06484375
0 0.228125 0.41328125 0.05 0.07265625
0 0.5015625 0.41328125 0.03125 0.05234375
0 0.29765625 0.41640625 0.0453125 0.075
0 0.365625 0.43359375 0.034375 0.05859375
1 0.67421875 0.446875 0.0734375 0.11875
0 0.5875 0.44765625 0.040625 0.07890625
0 0.17734375 0.45390625 0.0546875 0.075
0 0.51171875 0.48046875 0.0484375 0.09375
0 0.34765625 0.48828125 0.0515625 0.07734375
0 0.77265625 0.49140625 0.0703125 0.075
0 0.24765625 0.49921875 0.0734375 0.08125
0 0.68359375 0.58203125 0.0828125 0.12265625
0 0.0421875 0.60859375 0.084375 0.11640625
0 0.253125 0.66171875 0.096875 0.13515625
0 0.59765625 0.73515625 0.1140625 0.17890625
0 0.97578125 0.77734375 0.0484375 0.15859375
1 0.8796875 0.8109375 0.240625 0.378125
1 0.0515625 0.8171875 0.096875 0.365625