0 0.40078125 0.31484375 0.0296875 0.0375
3 0.33203125 0.33203125 0.0640625 0.09765625
3 0.59140625 0.35234375 0.0671875 0.07890625
0 0.47734375 0.36171875 0.0296875 0.02734375
3 0.259375 0.36328125 0.05 0.08984375
0 0.54921875 0.37421875 0.0328125 0.03125
0 0.47421875 0.38125 0.0296875 0.03359375
3 0.6421875 0.38828125 0.053125 0.08984375
0 0.490625 0.39765625 0.028125 0.0375
0 0.54609375 0.41328125 0.0328125 0.06015625
0 0.4875 0.42421875 0.04375 0.04375
0 0.29453125 0.43203125 0.0671875 0.08984375
1 0.6859375 0.43984375 0.053125 0.075
1 0.590625 0.44609375 0.053125 0.10390625
1 0.61640625 0.47109375 0.0703125 0.14609375
0 0.4953125 0.471875 0.053125 0.07265625
3 0.76796875 0.48671875 0.1515625 0.18984375
2 0.875 0.52421875 0.08125 0.12734375
0 0.515625 0.54140625 0.0625 0.10859375
1 0.71875 0.59296875 0.053125 0.12734375
0 0.62734375 0.60703125 0.0859375 0.17734375
0 0.54609375 0.621875 0.0921875 0.14765625
3 0.82265625 0.67578125 0.2109375 0.34765625
3 0.89375 0.80078125 0.2125 0.39765625
0 0.59921875 0.82421875 0.1609375 0.23984375