3 0.5984375 0.359375 0.059375 0.08125
1 0.546875 0.375 0.046875 0.10390625
0 0.27109375 0.37890625 0.0390625 0.0375
0 0.48671875 0.39609375 0.0359375 0.04609375
1 0.57265625 0.41328125 0.0578125 0.11015625
0 0.35390625 0.43671875 0.0484375 0.06015625
0 0.503125 0.45625 0.04375 0.06640625
3 0.68359375 0.46640625 0.1203125 0.12109375
0 0.54765625 0.49453125 0.0578125 0.06875
2 0.19765625 0.54140625 0.0953125 0.14140625
2 0.54453125 0.5875 0.0828125 0.16640625
1 0.9171875 0.71484375 0.165625 0.23359375
1 0.803125 0.775 0.19375 0.30859375
0 0.63046875 0.80078125 0.1359375 0.21484375