1 0.3375 0.3 0.03125 0.05
0 0.4015625 0.30390625 0.021875 0.025
3 0.58046875 0.31015625 0.0578125 0.06640625
0 0.36875 0.31484375 0.034375 0.04609375
0 0.475 0.34296875 0.034375 0.03125
1 0.521875 0.34765625 0.053125 0.06640625
0 0.38828125 0.35234375 0.0359375 0.04609375
0 0.4734375 0.36875 0.034375 0.0375
0 0.4828125 0.40078125 0.040625 0.05625
3 0.58828125 0.4125 0.1046875 0.18359375
0 0.64296875 0.43125 0.0484375 0.07109375
2 0.7171875 0.46015625 0.13125 0.18359375
0 0.509375 0.48359375 0.059375 0.08359375
0 0.28828125 0.58671875 0.1015625 0.11875
0 0.5515625 0.6 0.09375 0.125
1 0.89453125 0.61953125 0.2015625 0.21875
0 0.6265625 0.83203125 0.140625 0.21875
0 0.05546875 0.83359375 0.1109375 0.23359375
0 0.940625 0.91875 0.11875 0.1625