2 0.48046875 0.26171875 0.0203125 0.01484375
3 0.38125 0.2875 0.01875 0.05
0 0.34921875 0.29140625 0.0171875 0.0375
3 0.49140625 0.29921875 0.0421875 0.03984375
0 0.5140625 0.30234375 0.0125 0.01640625
0 0.3296875 0.309375 0.021875 0.06015625
0 0.55390625 0.309375 0.0171875 0.01875
0 0.4578125 0.31171875 0.015625 0.02734375
0 0.3984375 0.31484375 0.01875 0.0375
0 0.3609375 0.31875 0.021875 0.05
0 0.4703125 0.33046875 0.021875 0.03984375
0 0.51015625 0.33203125 0.0171875 0.03984375
0 0.38203125 0.36796875 0.0296875 0.05234375
0 0.325 0.37265625 0.0375 0.05390625
1 0.63984375 0.38359375 0.0765625 0.14140625
1 0.57890625 0.39453125 0.0703125 0.13515625
3 0.21953125 0.39609375 0.0671875 0.10390625
0 0.68046875 0.403125 0.0296875 0.05234375
0 0.29453125 0.41640625 0.0421875 0.09609375
0 0.5125 0.42890625 0.090625 0.15390625
0 0.36875 0.43046875 0.03125 0.05234375
0 0.74765625 0.46171875 0.0484375 0.06484375
1 0.2453125 0.46328125 0.053125 0.09765625
0 0.72109375 0.50546875 0.0703125 0.11484375
0 0.928125 0.59296875 0.05625 0.09765625
0 0.1578125 0.59609375 0.109375 0.19609375
3 0.87734375 0.61953125 0.1328125 0.21484375
0 0.296875 0.62421875 0.08125 0.12265625
0 0.02109375 0.67109375 0.0421875 0.14609375
0 0.65546875 0.921875 0.1578125 0.15625