3 0.334375 0.30390625 0.03125 0.04609375
1 0.575 0.315625 0.046875 0.05625
0 0.39765625 0.31796875 0.0203125 0.02265625
1 0.3640625 0.31875 0.028125 0.04140625
3 0.53359375 0.353125 0.0453125 0.07734375
1 0.29453125 0.36875 0.0515625 0.06640625
1 0.5984375 0.36875 0.04375 0.0875
1 0.55546875 0.38515625 0.0546875 0.07890625
1 0.64453125 0.40078125 0.0609375 0.08515625
0 0.4953125 0.41015625 0.03125 0.025
0 0.571875 0.41328125 0.03125 0.05234375
0 0.50625 0.42734375 0.04375 0.025
3 0.3515625 0.43125 0.05625 0.1
0 0.596875 0.43828125 0.040625 0.04375
1 0.696875 0.43984375 0.078125 0.12109375
1 0.2671875 0.44140625 0.053125 0.0625
0 0.50703125 0.44921875 0.0421875 0.02734375
0 0.51640625 0.46484375 0.0390625 0.025
1 0.621875 0.509375 0.0625 0.12265625
1 0.51875 0.52109375 0.071875 0.09140625
1 0.66953125 0.54765625 0.0921875 0.19140625
3 0.95234375 0.61875 0.0953125 0.125
0 0.54375 0.628125 0.075 0.11875
1 0.75234375 0.6375 0.0734375 0.14609375
3 0.8515625 0.7 0.221875 0.34140625
0 0.5890625 0.76796875 0.1125 0.19375
3 0.93125 0.84453125 0.1375 0.31015625
0 0.64296875 0.9390625 0.1515625 0.121875