1 0.39375 0.26875 0.015625 0.02890625
1 0.41015625 0.28203125 0.0171875 0.03515625
1 0.346875 0.284375 0.01875 0.02734375
1 0.38046875 0.284375 0.0171875 0.03515625
3 0.50078125 0.30625 0.0328125 0.06640625
1 0.35546875 0.30625 0.0234375 0.0375
0 0.465625 0.321875 0.01875 0.02265625
3 0.58203125 0.33046875 0.0390625 0.07265625
1 0.39140625 0.33125 0.0296875 0.05390625
0 0.4734375 0.34296875 0.025 0.01875
0 0.3359375 0.35546875 0.03125 0.04765625
1 0.525 0.35625 0.034375 0.08359375
0 0.4765625 0.35859375 0.028125 0.02109375
0 0.4765625 0.37578125 0.021875 0.02734375
1 0.6125 0.378125 0.040625 0.07265625
1 0.55390625 0.3875 0.0453125 0.075
0 0.4859375 0.39609375 0.025 0.025
1 0.66015625 0.41484375 0.0515625 0.09140625
0 0.49140625 0.41796875 0.0234375 0.02265625
0 0.50703125 0.421875 0.0015625 0.00234375
0 0.57421875 0.425 0.0265625 0.0375
0 0.5 0.43828125 0.040625 0.03515625
0 0.59609375 0.44375 0.0359375 0.04140625
1 0.7296875 0.46953125 0.08125 0.13984375
0 0.51015625 0.47109375 0.0421875 0.04609375
0 0.52109375 0.49375 0.0515625 0.04140625
1 0.61484375 0.50390625 0.0421875 0.1125
0 0.13203125 0.5125 0.0703125 0.07890625
1 0.66953125 0.55703125 0.0890625 0.16484375
0 0.52890625 0.56640625 0.0703125 0.11640625
0 0.2859375 0.63125 0.090625 0.11640625
1 0.7375 0.64140625 0.04375 0.14140625
0 0.56875 0.68203125 0.090625 0.11875
3 0.83671875 0.70625 0.1609375 0.31640625
0 0.60546875 0.82734375 0.1234375 0.15
0 0.64765625 0.9515625 0.1328125 0.096875