3 0.2859375 0.33984375 0.05625 0.075
3 0.5234375 0.34140625 0.0375 0.0625
0 0.47265625 0.34296875 0.0328125 0.04375
0 0.484375 0.39296875 0.03125 0.05625
0 0.63046875 0.41953125 0.0453125 0.05625
0 0.51015625 0.446875 0.0484375 0.04375
0 0.58984375 0.45078125 0.0546875 0.05625
0 0.67734375 0.45625 0.0546875 0.06640625
0 0.50234375 0.47734375 0.0453125 0.06640625
0 0.521875 0.50390625 0.05 0.075
0 0.5390625 0.54375 0.071875 0.0875
3 0.8 0.546875 0.184375 0.25234375
0 0.653125 0.54921875 0.078125 0.10234375
0 0.5578125 0.628125 0.08125 0.11875
1 0.75234375 0.66953125 0.1453125 0.21875
0 0.60546875 0.76640625 0.1203125 0.15859375
0 0.69921875 0.928125 0.1671875 0.14375