2 0.534375 0.35859375 0.0625 0.0875
0 0.4734375 0.36328125 0.028125 0.03125
0 0.48125 0.39296875 0.0375 0.04375
0 0.490625 0.43515625 0.05 0.0625
2 0.58515625 0.43515625 0.0828125 0.15859375
0 0.27890625 0.43671875 0.0421875 0.06484375
0 0.34453125 0.4375 0.0453125 0.05390625
0 0.509375 0.45234375 0.04375 0.0375
0 0.71640625 0.490625 0.0359375 0.06484375
3 0.65546875 0.5 0.1234375 0.22890625
0 0.51484375 0.50625 0.0640625 0.0875
0 0.7609375 0.52578125 0.065625 0.07265625
0 0.79453125 0.55625 0.0671875 0.05859375
0 0.5515625 0.57265625 0.096875 0.12109375
0 0.69375 0.61484375 0.0875 0.1375
0 0.3015625 0.615625 0.08125 0.10625
0 0.103125 0.64453125 0.1 0.11484375
0 0.559375 0.65546875 0.096875 0.11875
0 0.9359375 0.71171875 0.1 0.15625
3 0.85078125 0.75078125 0.2390625 0.36875
0 0.58046875 0.75625 0.1171875 0.17109375
0 0.63203125 0.86875 0.1390625 0.20859375