0 0.33828125 0.34453125 0.0296875 0.03515625
0 0.39140625 0.34453125 0.0296875 0.03125
0 0.30703125 0.346875 0.0265625 0.03125
0 0.48046875 0.34921875 0.0296875 0.04375
0 0.5234375 0.35234375 0.028125 0.03359375
0 0.38515625 0.365625 0.0328125 0.03515625
0 0.48984375 0.38828125 0.0359375 0.04765625
1 0.64921875 0.41171875 0.0671875 0.06484375
0 0.34375 0.46640625 0.053125 0.06640625
0 0.5484375 0.49609375 0.059375 0.08359375
1 0.66171875 0.50625 0.0953125 0.16640625
3 0.8859375 0.8171875 0.228125 0.365625