1 0.3234375 0.31171875 0.040625 0.04375
1 0.34609375 0.33671875 0.0359375 0.05234375
0 0.3875 0.35 0.025 0.03359375
1 0.63203125 0.39140625 0.0453125 0.09609375
0 0.4953125 0.403125 0.034375 0.02265625
0 0.5046875 0.42421875 0.053125 0.03125
0 0.571875 0.42578125 0.03125 0.04375
0 0.59296875 0.43359375 0.0390625 0.05390625
1 0.68515625 0.43515625 0.0859375 0.125
1 0.203125 0.44296875 0.096875 0.11875
0 0.503125 0.446875 0.0375 0.02265625
1 0.621875 0.50078125 0.06875 0.11484375
1 0.515625 0.50625 0.065625 0.10390625
3 0.77578125 0.52421875 0.1046875 0.11015625
1 0.6703125 0.55703125 0.103125 0.20234375
0 0.53359375 0.59765625 0.0953125 0.11640625
3 0.92421875 0.60390625 0.1515625 0.16640625
1 0.16796875 0.60546875 0.0984375 0.15625
1 0.27421875 0.6375 0.1640625 0.25859375
1 0.74765625 0.63984375 0.0640625 0.14609375
0 0.5734375 0.70546875 0.1 0.16875
3 0.8515625 0.71953125 0.20625 0.36484375
3 0.9203125 0.8390625 0.159375 0.321875
0 0.640625 0.921875 0.13125 0.15625