0 0.46953125 0.359375 0.0265625 0.03125
2 0.546875 0.365625 0.0625 0.08984375
0 0.4796875 0.36875 0.034375 0.0375
0 0.48046875 0.39453125 0.0328125 0.04375
0 0.48828125 0.40703125 0.0328125 0.03125
0 0.553125 0.41328125 0.040625 0.04375
0 0.49765625 0.434375 0.0515625 0.05625
0 0.56484375 0.44375 0.0359375 0.05859375
0 0.50859375 0.47890625 0.0515625 0.08359375
0 0.721875 0.50546875 0.046875 0.07734375
2 0.646875 0.51328125 0.125 0.21484375
0 0.53046875 0.53671875 0.0765625 0.09765625
0 0.56171875 0.64921875 0.0890625 0.12265625
3 0.86015625 0.75703125 0.2796875 0.48515625
0 0.20703125 0.81875 0.1328125 0.15859375
0 0.64296875 0.8890625 0.1515625 0.221875