1 0.31875 0.30859375 0.0375 0.05390625
3 0.528125 0.334375 0.046875 0.08515625
0 0.471875 0.34296875 0.03125 0.02734375
1 0.334375 0.35390625 0.03125 0.05859375
0 0.38671875 0.36484375 0.0453125 0.05390625
1 0.31015625 0.36953125 0.0609375 0.10234375
3 0.5578125 0.36953125 0.0875 0.11015625
2 0.2296875 0.37890625 0.096875 0.1375
0 0.47890625 0.38671875 0.0515625 0.05625
1 0.62734375 0.396875 0.0703125 0.09765625
0 0.36171875 0.45859375 0.0609375 0.0875
3 0.24921875 0.465625 0.1140625 0.19765625
1 0.7359375 0.49609375 0.096875 0.1375
0 0.13125 0.5 0.096875 0.10859375
0 0.525 0.509375 0.065625 0.09375
0 0.3 0.66171875 0.1375 0.20234375
1 0.9328125 0.73359375 0.134375 0.31640625
0 0.63671875 0.765625 0.1484375 0.22265625
0 0.84140625 0.82890625 0.1609375 0.24140625
0 0.209375 0.9296875 0.178125 0.140625