1 0.6046875 0.38125 0.04375 0.09140625
1 0.31953125 0.38359375 0.0421875 0.07890625
0 0.3671875 0.40390625 0.03125 0.05390625
0 0.55859375 0.40625 0.0390625 0.07109375
3 0.196875 0.40859375 0.103125 0.12109375
3 0.684375 0.41796875 0.109375 0.09375
0 0.28984375 0.41875 0.0453125 0.05390625
0 0.5015625 0.42109375 0.05 0.0625
0 0.6 0.4625 0.05 0.1
0 0.35546875 0.46328125 0.0609375 0.07734375
0 0.3140625 0.53359375 0.071875 0.10859375
3 0.6890625 0.56875 0.15625 0.22109375
0 0.53203125 0.58203125 0.0890625 0.14765625
1 0.865625 0.59296875 0.153125 0.28125
0 0.06328125 0.71796875 0.1265625 0.16484375
0 0.6234375 0.78046875 0.134375 0.23984375
0 0.20859375 0.9265625 0.1828125 0.146875