1 0.35390625 0.33515625 0.0390625 0.05
1 0.28984375 0.33671875 0.0359375 0.06484375
0 0.4703125 0.35234375 0.034375 0.0375
3 0.56015625 0.37578125 0.0703125 0.13125
0 0.478125 0.38125 0.034375 0.04140625
0 0.61796875 0.40234375 0.0390625 0.05390625
2 0.67265625 0.41015625 0.0796875 0.11640625
0 0.49140625 0.428125 0.0359375 0.05234375
0 0.3390625 0.47265625 0.05625 0.075
0 0.51171875 0.48671875 0.0578125 0.07265625
1 0.778125 0.51796875 0.128125 0.14765625
0 0.6734375 0.58515625 0.078125 0.09609375
0 0.54765625 0.58984375 0.0734375 0.09140625
0 0.63125 0.8953125 0.140625 0.209375