3 0.3609375 0.303125 0.028125 0.03515625
0 0.396875 0.325 0.0125 0.02109375
0 0.46484375 0.328125 0.0234375 0.02734375
3 0.525 0.33125 0.0375 0.07890625
3 0.34375 0.33984375 0.040625 0.05390625
0 0.39296875 0.34765625 0.0140625 0.0375
0 0.47890625 0.35859375 0.0296875 0.02890625
1 0.2859375 0.359375 0.0375 0.03984375
0 0.665625 0.40625 0.034375 0.04140625
0 0.2578125 0.40703125 0.04375 0.05234375
0 0.378125 0.409375 0.034375 0.06484375
1 0.5953125 0.43125 0.04375 0.06640625
0 0.22109375 0.434375 0.0421875 0.04375
3 0.715625 0.46875 0.096875 0.13359375
1 0.22890625 0.49453125 0.0609375 0.11015625
0 0.1484375 0.49921875 0.0625 0.09765625
0 0.3265625 0.54453125 0.078125 0.12265625
1 0.12265625 0.646875 0.1734375 0.26875
0 0.740625 0.690625 0.1 0.12265625
0 0.93671875 0.69140625 0.1203125 0.16640625
0 0.61171875 0.81875 0.1359375 0.17109375
0 0.234375 0.84921875 0.14375 0.22265625