2 0.31328125 0.378125 0.0671875 0.10625
0 0.35859375 0.42578125 0.0453125 0.05625
0 0.5125 0.45390625 0.075 0.05859375
3 0.625 0.49921875 0.09375 0.13984375
3 0.865625 0.51328125 0.225 0.16875
0 0.50859375 0.51796875 0.0515625 0.07265625
3 0.6640625 0.54375 0.1 0.17890625
0 0.31796875 0.54765625 0.0734375 0.09609375
0 0.5328125 0.56484375 0.065625 0.0625
1 0.75078125 0.625 0.1015625 0.15
0 0.55234375 0.665625 0.0953125 0.12734375
3 0.85 0.69921875 0.19375 0.34375
3 0.07421875 0.7625 0.1484375 0.29140625
0 0.69296875 0.809375 0.1140625 0.23125
3 0.91796875 0.82578125 0.1640625 0.34765625
1 0.2109375 0.928125 0.18125 0.14375
0 0.58671875 0.9296875 0.1203125 0.140625