2 0.3703125 0.3 0.034375 0.0625
1 0.3859375 0.36796875 0.034375 0.04375
3 0.32265625 0.37734375 0.0671875 0.10390625
3 0.22109375 0.41171875 0.0828125 0.11484375
0 0.29453125 0.42265625 0.0453125 0.05859375
0 0.371875 0.42734375 0.05625 0.06640625
0 0.58515625 0.4375 0.0453125 0.07890625
0 0.7625 0.48203125 0.11875 0.12265625
0 0.5140625 0.49296875 0.06875 0.07265625
3 0.62734375 0.509375 0.0828125 0.13984375
3 0.67265625 0.54921875 0.1078125 0.20234375
0 0.51328125 0.565625 0.0640625 0.10625
3 0.1484375 0.609375 0.2 0.30625
0 0.55703125 0.625 0.0984375 0.12890625
0 0.7484375 0.63359375 0.084375 0.15859375
0 0.303125 0.66875 0.103125 0.15859375
0 0.56328125 0.71171875 0.0984375 0.16875
0 0.8765625 0.7703125 0.246875 0.459375
0 0.725 0.8671875 0.16875 0.265625
0 0.60390625 0.9421875 0.1453125 0.115625