1 0.3265625 0.30390625 0.03125 0.05
0 0.3921875 0.31875 0.021875 0.02890625
3 0.33125 0.34140625 0.05625 0.09609375
0 0.3890625 0.35390625 0.028125 0.04140625
0 0.61796875 0.37578125 0.0703125 0.11015625
0 0.38046875 0.38359375 0.0421875 0.04609375
1 0.55234375 0.3875 0.0515625 0.09140625
0 0.49375 0.40234375 0.0375 0.05
0 0.571875 0.42421875 0.034375 0.05234375
0 0.209375 0.43828125 0.05 0.05625
0 0.59453125 0.45234375 0.0453125 0.075
0 0.5046875 0.46484375 0.046875 0.06640625
3 0.75859375 0.47734375 0.1609375 0.25
0 0.51640625 0.49765625 0.0609375 0.08359375
1 0.6234375 0.51171875 0.071875 0.13125
0 0.175 0.53125 0.065625 0.075
0 0.53203125 0.53125 0.0578125 0.0875
1 0.6703125 0.54375 0.109375 0.20859375
1 0.89375 0.62734375 0.18125 0.26640625
0 0.53828125 0.63515625 0.0890625 0.16640625
0 0.58046875 0.73984375 0.1078125 0.17109375
3 0.8578125 0.75390625 0.225 0.42890625
0 0.61328125 0.86328125 0.1421875 0.22265625
0 0.6421875 0.9484375 0.15 0.103125