0 0.3796875 0.35 0.028125 0.03359375
0 0.4765625 0.36484375 0.028125 0.02890625
1 0.59453125 0.37109375 0.0703125 0.07109375
0 0.65078125 0.384375 0.0390625 0.05234375
2 0.49296875 0.40234375 0.0421875 0.07109375
0 0.6859375 0.41015625 0.04375 0.0625
1 0.58828125 0.44765625 0.0796875 0.1125
0 0.51171875 0.47265625 0.0578125 0.07890625
1 0.7 0.48828125 0.090625 0.10625
1 0.78671875 0.534375 0.0921875 0.08515625
0 0.64609375 0.55 0.0828125 0.1125
0 0.540625 0.578125 0.090625 0.12265625
1 0.95390625 0.70625 0.0921875 0.1375
3 0.8515625 0.775 0.296875 0.44609375
0 0.63828125 0.85546875 0.1453125 0.21875