2 0.6046875 0.36953125 0.0625 0.09375
1 0.553125 0.38359375 0.05 0.09609375
0 0.4875 0.39765625 0.0375 0.04609375
2 0.66640625 0.421875 0.0984375 0.14375
0 0.4984375 0.43671875 0.04375 0.06015625
0 0.584375 0.44609375 0.05 0.0625
0 0.74765625 0.45859375 0.0609375 0.06640625
0 0.61015625 0.48828125 0.0640625 0.07734375
0 0.5171875 0.490625 0.05 0.07265625
1 0.68046875 0.54453125 0.0890625 0.16875
0 0.56328125 0.56484375 0.0734375 0.10859375
0 0.275 0.64296875 0.09375 0.11875
0 0.7421875 0.69921875 0.121875 0.15234375