2 0.46875 0.325 0.040625 0.0625
3 0.29453125 0.33671875 0.0484375 0.07265625
3 0.52421875 0.34453125 0.0515625 0.08125
0 0.475 0.36171875 0.034375 0.03515625
2 0.553125 0.38125 0.06875 0.10859375
3 0.61640625 0.38359375 0.0484375 0.08359375
0 0.48359375 0.3875 0.0359375 0.04609375
0 0.640625 0.42421875 0.04375 0.05234375
0 0.49140625 0.425 0.0390625 0.05390625
0 0.50546875 0.44765625 0.0390625 0.0375
3 0.72578125 0.46171875 0.1265625 0.19375
0 0.5984375 0.48203125 0.059375 0.07265625
0 0.8078125 0.49765625 0.046875 0.07890625
0 0.51328125 0.50703125 0.0546875 0.08984375
0 0.22734375 0.525 0.0640625 0.07890625
0 0.64765625 0.56328125 0.0765625 0.11015625
0 0.54140625 0.5875 0.0765625 0.1125
2 0.87890625 0.7953125 0.2421875 0.409375
0 0.215625 0.815625 0.146875 0.17734375