3 0.59296875 0.34375 0.0484375 0.07890625
3 0.2625 0.34921875 0.06875 0.11015625
3 0.53984375 0.35390625 0.0578125 0.0875
1 0.32109375 0.36953125 0.0390625 0.06875
1 0.19765625 0.40703125 0.0921875 0.11484375
1 0.29375 0.41484375 0.0625 0.07109375
0 0.48984375 0.428125 0.0390625 0.06484375
3 0.62265625 0.45859375 0.0921875 0.17109375
0 0.34921875 0.46875 0.0546875 0.0625
0 0.2609375 0.47734375 0.059375 0.07109375
0 0.17265625 0.49375 0.0640625 0.0625
3 0.7875 0.54140625 0.140625 0.1625
0 0.53984375 0.56953125 0.0671875 0.09375
1 0.73125 0.58984375 0.125 0.23359375
1 0.12890625 0.62890625 0.1453125 0.20859375
0 0.20234375 0.9296875 0.1734375 0.140625