3 0.37734375 0.28828125 0.0296875 0.04375
2 0.4046875 0.30234375 0.021875 0.02890625
1 0.3390625 0.30390625 0.028125 0.04140625
0 0.39765625 0.31640625 0.0234375 0.03359375
0 0.38515625 0.34921875 0.0265625 0.03515625
3 0.26171875 0.353125 0.0640625 0.08515625
1 0.553125 0.3875 0.046875 0.0875
1 0.6671875 0.40078125 0.09375 0.14375
1 0.36015625 0.403125 0.0390625 0.05234375
0 0.57109375 0.42421875 0.0328125 0.05234375
0 0.5953125 0.44765625 0.04375 0.06640625
1 0.253125 0.45078125 0.078125 0.11015625
0 0.50234375 0.4625 0.0390625 0.0625
1 0.73046875 0.48671875 0.0953125 0.15234375
0 0.5171875 0.49453125 0.059375 0.08125
1 0.62265625 0.509375 0.0671875 0.13515625
0 0.53046875 0.534375 0.0640625 0.08515625
1 0.05859375 0.534375 0.1171875 0.16484375
1 0.66796875 0.54921875 0.1078125 0.20234375
0 0.55859375 0.57734375 0.0703125 0.10390625
1 0.5359375 0.62265625 0.08125 0.15859375
0 0.2984375 0.63359375 0.084375 0.10859375
1 0.928125 0.63984375 0.14375 0.22890625
1 0.76484375 0.65078125 0.0984375 0.16015625
3 0.86328125 0.734375 0.2296875 0.38984375
0 0.5734375 0.74140625 0.1 0.175
0 0.61328125 0.86171875 0.1359375 0.20625
0 0.64296875 0.95078125 0.1515625 0.09765625