0 0.38359375 0.34765625 0.0296875 0.03359375
0 0.28984375 0.35625 0.0328125 0.0375
1 0.53828125 0.36328125 0.0453125 0.07265625
0 0.4828125 0.37890625 0.034375 0.0375
3 0.65 0.396875 0.071875 0.11875
0 0.50390625 0.41796875 0.0390625 0.04765625
2 0.596875 0.41796875 0.084375 0.13984375
0 0.36015625 0.41953125 0.0421875 0.04765625
0 0.72421875 0.43671875 0.0546875 0.06484375
0 0.5296875 0.51640625 0.065625 0.07109375
3 0.796875 0.51796875 0.15625 0.17265625
1 0.66953125 0.55859375 0.0828125 0.14140625
0 0.56328125 0.65 0.0890625 0.12109375
1 0.7953125 0.70390625 0.184375 0.3375