1 0.33828125 0.33828125 0.0484375 0.07734375
3 0.5296875 0.33984375 0.05 0.09609375
2 0.4796875 0.35390625 0.053125 0.08359375
1 0.2765625 0.36875 0.04375 0.0625
0 0.3671875 0.39921875 0.040625 0.03984375
0 0.640625 0.40234375 0.0375 0.075
0 0.48984375 0.403125 0.0484375 0.05625
3 0.5890625 0.42734375 0.096875 0.175
3 0.7078125 0.45234375 0.125 0.1625
0 0.2515625 0.46796875 0.05625 0.06484375
0 0.33828125 0.52109375 0.0671875 0.07890625
0 0.2046875 0.53046875 0.0875 0.13125
1 0.05703125 0.57578125 0.1140625 0.15234375
0 0.540625 0.57734375 0.06875 0.1125
1 0.8921875 0.58984375 0.175 0.175
0 0.7328125 0.64609375 0.09375 0.15390625
3 0.88828125 0.80703125 0.2234375 0.38515625
0 0.171875 0.9234375 0.190625 0.153125