1 0.56328125 0.38359375 0.0515625 0.09140625
3 0.21796875 0.3875 0.1046875 0.13359375
0 0.2984375 0.41875 0.04375 0.05390625
0 0.3625 0.42265625 0.040625 0.05859375
1 0.5828125 0.428125 0.040625 0.07265625
0 0.496875 0.43125 0.0375 0.05
3 0.73671875 0.46953125 0.1109375 0.19375
1 0.21640625 0.49453125 0.0671875 0.07265625
0 0.5125 0.49453125 0.05625 0.08125
3 0.67578125 0.540625 0.1515625 0.21875
2 0.3046875 0.60546875 0.096875 0.14375
0 0.553125 0.60859375 0.075 0.11640625
0 0.16015625 0.62421875 0.0890625 0.09375