0 0.38125 0.28984375 0.03125 0.02890625
1 0.3296875 0.30234375 0.046875 0.06640625
0 0.40234375 0.30546875 0.0421875 0.03125
0 0.39296875 0.334375 0.0421875 0.03984375
1 0.59296875 0.35390625 0.0453125 0.08359375
0 0.3734375 0.378125 0.046875 0.05234375
3 0.5515625 0.378125 0.065625 0.10234375
0 0.496875 0.421875 0.053125 0.05625
0 0.71328125 0.475 0.0609375 0.08359375
0 0.5078125 0.48203125 0.05 0.07734375
1 0.64140625 0.51171875 0.0984375 0.18125
0 0.7890625 0.540625 0.075 0.10234375
0 0.5546875 0.60546875 0.090625 0.11015625
0 0.7421875 0.68125 0.115625 0.15
0 0.60859375 0.76640625 0.1140625 0.16640625