1 0.27109375 0.36171875 0.0609375 0.08125
0 0.33671875 0.36171875 0.0265625 0.03984375
0 0.49296875 0.40234375 0.0421875 0.04140625
1 0.5640625 0.40625 0.053125 0.09140625
0 0.36484375 0.40859375 0.0484375 0.05390625
0 0.6484375 0.421875 0.04375 0.04765625
0 0.4890625 0.42578125 0.034375 0.04765625
0 0.6953125 0.45390625 0.053125 0.05859375
0 0.50625 0.45859375 0.046875 0.0625
0 0.596875 0.46171875 0.05 0.06484375
0 0.521875 0.51328125 0.053125 0.07265625
1 0.8359375 0.56328125 0.196875 0.22265625
0 0.54609375 0.62734375 0.0890625 0.12109375
0 0.75234375 0.70625 0.1203125 0.15859375
1 0.96015625 0.77265625 0.0796875 0.1875
0 0.24140625 0.78203125 0.1234375 0.15625
0 0.62734375 0.84140625 0.1265625 0.1875