1 0.37890625 0.35546875 0.0265625 0.03125
3 0.5546875 0.38203125 0.065625 0.11015625
1 0.640625 0.415625 0.05625 0.07265625
0 0.4921875 0.42109375 0.040625 0.04609375
0 0.34140625 0.46953125 0.0546875 0.05625
1 0.15703125 0.475 0.0765625 0.09140625
0 0.60078125 0.48046875 0.0546875 0.06484375
0 0.69296875 0.48515625 0.0609375 0.07109375
0 0.53515625 0.52734375 0.0578125 0.075
1 0.78671875 0.540625 0.1015625 0.14765625
3 0.93359375 0.653125 0.1328125 0.35625
0 0.56796875 0.671875 0.0984375 0.12265625
0 0.73828125 0.68203125 0.1203125 0.15234375