0 0.38671875 0.35625 0.0140625 0.02890625
0 0.478125 0.36484375 0.0375 0.0375
3 0.36328125 0.415625 0.0328125 0.06015625
1 0.675 0.41875 0.05625 0.13359375
0 0.4953125 0.42421875 0.028125 0.06875
3 0.2671875 0.43828125 0.046875 0.13515625
3 0.6203125 0.46171875 0.109375 0.19375
0 0.78828125 0.50234375 0.0515625 0.09140625
0 0.3515625 0.51484375 0.059375 0.07109375
0 0.534375 0.53125 0.04375 0.1
1 0.034375 0.56953125 0.059375 0.14765625
1 0.87109375 0.609375 0.1453125 0.21484375
3 0.12734375 0.62734375 0.1140625 0.20859375
0 0.26015625 0.72734375 0.1078125 0.15