3 0.35859375 0.31796875 0.0546875 0.07265625
3 0.31015625 0.32109375 0.0390625 0.05
0 0.3359375 0.36953125 0.0375 0.05625
3 0.66171875 0.41171875 0.0671875 0.11015625
0 0.56796875 0.4375 0.0484375 0.07109375
3 0.5984375 0.46328125 0.059375 0.10625
0 0.5015625 0.49140625 0.059375 0.075
3 0.6359375 0.49375 0.090625 0.17890625
0 0.52890625 0.54375 0.0640625 0.10390625
2 0.165625 0.57109375 0.228125 0.28359375
1 0.72421875 0.62109375 0.0421875 0.1375
0 0.53984375 0.634375 0.0734375 0.13984375
3 0.83359375 0.68359375 0.1859375 0.30390625
0 0.65234375 0.68515625 0.1046875 0.18359375
0 0.23515625 0.78515625 0.1140625 0.16640625
3 0.91328125 0.8265625 0.1734375 0.346875
0 0.5953125 0.89375 0.14375 0.2125