3 0.5359375 0.34765625 0.05625 0.1125
0 0.38203125 0.35390625 0.0328125 0.04140625
2 0.6390625 0.37265625 0.0625 0.08359375
0 0.59140625 0.37890625 0.0359375 0.04609375
0 0.48984375 0.41015625 0.0390625 0.04609375
1 0.2859375 0.41953125 0.059375 0.07734375
1 0.68203125 0.42578125 0.0828125 0.09375
0 0.50078125 0.44765625 0.0484375 0.05390625
1 0.62890625 0.465625 0.0828125 0.12734375
0 0.51875 0.53359375 0.05625 0.07890625
0 0.325 0.53515625 0.06875 0.0625
3 0.76640625 0.66015625 0.2421875 0.35
0 0.57734375 0.68984375 0.0984375 0.175