1 0.26875 0.36015625 0.046875 0.0625
3 0.54140625 0.365625 0.0578125 0.08984375
0 0.61796875 0.39921875 0.0546875 0.06015625
0 0.4859375 0.4 0.034375 0.04140625
0 0.3515625 0.41796875 0.04375 0.05234375
0 0.56953125 0.43359375 0.0453125 0.05390625
0 0.65546875 0.44609375 0.0484375 0.05859375
0 0.51328125 0.46796875 0.0515625 0.06875
1 0.72578125 0.484375 0.0734375 0.11015625
0 0.65 0.54765625 0.078125 0.1
0 0.53515625 0.55078125 0.0734375 0.08125
3 0.8859375 0.59140625 0.228125 0.35
0 0.61796875 0.74765625 0.1359375 0.19140625
3 0.86875 0.83515625 0.2625 0.32890625