2 0.62109375 0.38125 0.0734375 0.09609375
0 0.5546875 0.4 0.040625 0.04609375
0 0.309375 0.403125 0.0375 0.04375
0 0.4890625 0.403125 0.0375 0.03984375
0 0.5703125 0.43046875 0.03125 0.05234375
0 0.5015625 0.43828125 0.04375 0.06484375
1 0.60625 0.44375 0.059375 0.1
0 0.53359375 0.48046875 0.0578125 0.07734375
0 0.62734375 0.52578125 0.0671875 0.08984375
0 0.84375 0.56484375 0.09375 0.1
1 0.71796875 0.62421875 0.0984375 0.15234375
0 0.85859375 0.65859375 0.0828125 0.1125
0 0.5859375 0.728125 0.10625 0.16484375
1 0.8046875 0.73671875 0.171875 0.27734375