3 0.36484375 0.30625 0.0390625 0.05390625
3 0.328125 0.3125 0.025 0.0375
0 0.34609375 0.35 0.0265625 0.0375
0 0.56875 0.446875 0.0375 0.07265625
2 0.26484375 0.44765625 0.1359375 0.1875
1 0.49609375 0.45234375 0.0484375 0.07890625
3 0.60078125 0.47734375 0.0546875 0.11640625
0 0.5015625 0.51015625 0.05625 0.08359375
3 0.64296875 0.51328125 0.0890625 0.16484375
3 0.83515625 0.52734375 0.2171875 0.24140625
0 0.334375 0.54375 0.0875 0.11640625
0 0.5296875 0.55625 0.078125 0.1
3 0.7359375 0.628125 0.075 0.14765625
0 0.54296875 0.65390625 0.0828125 0.15
3 0.84140625 0.68515625 0.2078125 0.325
0 0.67578125 0.74296875 0.1046875 0.21484375
3 0.91171875 0.82265625 0.1765625 0.35390625
0 0.203125 0.90703125 0.2125 0.18515625
0 0.58125 0.9140625 0.13125 0.171875