1 0.40234375 0.2625 0.0171875 0.03359375
0 0.36015625 0.28125 0.0171875 0.02890625
1 0.37734375 0.28984375 0.0171875 0.04140625
3 0.49453125 0.29375 0.0328125 0.075
1 0.40390625 0.29765625 0.0234375 0.04609375
1 0.53515625 0.29765625 0.0328125 0.03359375
1 0.32421875 0.30234375 0.0265625 0.05
0 0.46171875 0.30234375 0.0265625 0.03359375
1 0.3515625 0.32421875 0.034375 0.05625
3 0.57421875 0.33125 0.0546875 0.0875
0 0.4703125 0.33984375 0.025 0.03359375
0 0.39453125 0.340625 0.0265625 0.03515625
1 0.52734375 0.353125 0.0453125 0.08984375
1 0.58984375 0.3625 0.0359375 0.05859375
0 0.475 0.36484375 0.025 0.02890625
1 0.55078125 0.38828125 0.0421875 0.08984375
0 0.48359375 0.38984375 0.0296875 0.03359375
1 0.63203125 0.390625 0.0453125 0.08984375
0 0.490625 0.41015625 0.0375 0.0375
1 0.6796875 0.415625 0.078125 0.09375
1 0.221875 0.41796875 0.071875 0.11875
0 0.56953125 0.42421875 0.0296875 0.06015625
0 0.5 0.440625 0.04375 0.05625
0 0.58671875 0.44140625 0.0265625 0.0625
0 0.5109375 0.50234375 0.059375 0.09609375
1 0.6109375 0.50390625 0.046875 0.1375
1 0.775 0.528125 0.1 0.08984375
1 0.20234375 0.53671875 0.0828125 0.13984375
1 0.3125 0.546875 0.11875 0.21484375
1 0.66171875 0.54765625 0.0953125 0.1875
3 0.9421875 0.59609375 0.115625 0.17890625
0 0.53203125 0.59921875 0.0765625 0.10234375
1 0.72890625 0.63515625 0.0390625 0.14609375
3 0.84296875 0.71015625 0.1921875 0.29609375
0 0.57265625 0.71953125 0.0953125 0.13515625
3 0.91953125 0.83125 0.1484375 0.3125
0 0.64140625 0.934375 0.1421875 0.13125