0 0.3953125 0.32421875 0.021875 0.03125
0 0.38828125 0.34765625 0.0296875 0.04140625
3 0.3265625 0.34921875 0.05 0.07734375
0 0.52265625 0.36171875 0.0296875 0.04375
0 0.47265625 0.37890625 0.0359375 0.05
1 0.30234375 0.384375 0.0546875 0.08984375
0 0.3703125 0.40390625 0.040625 0.04609375
0 0.578125 0.428125 0.05 0.07734375
0 0.33828125 0.47265625 0.0578125 0.075
1 0.659375 0.50546875 0.10625 0.17734375
1 0.0578125 0.56015625 0.115625 0.1875
3 0.1203125 0.62421875 0.240625 0.33984375
0 0.57578125 0.67109375 0.0921875 0.12890625