1 0.33125 0.34609375 0.05 0.075
2 0.4796875 0.34921875 0.05625 0.08125
0 0.38125 0.37734375 0.034375 0.04609375
1 0.2734375 0.38359375 0.05 0.07109375
0 0.48671875 0.40078125 0.0421875 0.05234375
3 0.584375 0.41640625 0.090625 0.15
0 0.3609375 0.42265625 0.04375 0.04609375
3 0.69296875 0.44765625 0.1078125 0.15390625
0 0.2375 0.49375 0.0625 0.07890625
0 0.53125 0.54296875 0.065625 0.08984375
1 0.1734375 0.57109375 0.09375 0.15859375
0 0.32265625 0.58046875 0.0703125 0.09375
1 0.865625 0.58125 0.153125 0.16640625
0 0.70625 0.609375 0.0875 0.12734375
2 0.86796875 0.7828125 0.2640625 0.434375
0 0.7125 0.8984375 0.16875 0.203125