3 0.57578125 0.31640625 0.0515625 0.05390625
1 0.33203125 0.33359375 0.0453125 0.05390625
3 0.52890625 0.34375 0.0546875 0.07109375
0 0.478125 0.35546875 0.0375 0.03125
1 0.3765625 0.36015625 0.046875 0.08359375
3 0.603125 0.36484375 0.05625 0.07890625
1 0.31328125 0.38203125 0.0484375 0.05625
1 0.5515625 0.38515625 0.046875 0.07890625
0 0.48359375 0.3875 0.0390625 0.025
1 0.65234375 0.403125 0.0640625 0.09375
0 0.49140625 0.40703125 0.0328125 0.03125
0 0.57265625 0.42265625 0.0328125 0.04609375
0 0.5046875 0.428125 0.046875 0.03515625
0 0.59140625 0.44140625 0.0453125 0.05
1 0.7078125 0.453125 0.09375 0.13125
0 0.50390625 0.459375 0.0421875 0.04375
0 0.5171875 0.46875 0.04375 0.02890625
1 0.6203125 0.50234375 0.059375 0.12109375
1 0.51796875 0.53515625 0.0703125 0.1125
1 0.6703125 0.540625 0.115625 0.18984375
1 0.73359375 0.62890625 0.0578125 0.14609375
0 0.55703125 0.65546875 0.1078125 0.12265625
3 0.84921875 0.70390625 0.2109375 0.33359375
0 0.5984375 0.80703125 0.1375 0.18984375
3 0.9296875 0.8453125 0.140625 0.309375
0 0.6421875 0.95 0.15625 0.1