0 0.4734375 0.36328125 0.028125 0.03125
2 0.5421875 0.36328125 0.05625 0.09375
3 0.6625 0.3875 0.1 0.1125
0 0.48125 0.39296875 0.0375 0.04375
0 0.490625 0.43515625 0.05 0.0625
2 0.58515625 0.43515625 0.0828125 0.15859375
0 0.509375 0.45234375 0.04375 0.0375
0 0.71640625 0.490625 0.0359375 0.06484375
3 0.66015625 0.50234375 0.1234375 0.22890625
0 0.51484375 0.50625 0.0640625 0.0875
0 0.7609375 0.52578125 0.065625 0.07265625
0 0.5515625 0.57265625 0.096875 0.12109375
0 0.79765625 0.578125 0.0703125 0.09765625
0 0.1671875 0.59765625 0.0875 0.10390625
0 0.8625 0.62734375 0.1 0.11640625
0 0.703125 0.63984375 0.096875 0.14140625
0 0.2765625 0.65390625 0.08125 0.09609375
0 0.5640625 0.67109375 0.10625 0.15
0 0.61484375 0.85859375 0.1390625 0.23359375