1 0.32734375 0.3125 0.0328125 0.04609375
0 0.39453125 0.33203125 0.0265625 0.03515625
1 0.28671875 0.34921875 0.0390625 0.05625
3 0.6078125 0.34921875 0.06875 0.11015625
1 0.334375 0.35546875 0.040625 0.05625
3 0.54921875 0.36484375 0.0640625 0.10859375
0 0.38046875 0.365625 0.0328125 0.04375
2 0.4890625 0.38359375 0.0625 0.10859375
0 0.69765625 0.42109375 0.0390625 0.04609375
0 0.65703125 0.43671875 0.0484375 0.06484375
0 0.34375 0.49921875 0.0625 0.06875
1 0.2265625 0.51640625 0.1 0.12109375
3 0.078125 0.54375 0.15625 0.17109375
0 0.53671875 0.5625 0.0734375 0.1
3 0.9 0.63203125 0.2 0.30625
3 0.74375 0.64375 0.2375 0.3625
1 0.096875 0.71171875 0.16875 0.22734375
0 0.2578125 0.85546875 0.13125 0.15234375