3 0.521875 0.328125 0.04375 0.08515625
0 0.47109375 0.34375 0.0203125 0.02890625
3 0.334375 0.36015625 0.040625 0.075
1 0.26796875 0.378125 0.0390625 0.06015625
2 0.56171875 0.38984375 0.0390625 0.09140625
3 0.65859375 0.41015625 0.0703125 0.10390625
0 0.19921875 0.45390625 0.0609375 0.06640625
0 0.3546875 0.49765625 0.06875 0.0875
0 0.15078125 0.51640625 0.0796875 0.0875
0 0.75703125 0.525 0.0921875 0.09140625
0 0.5265625 0.528125 0.046875 0.11875
0 0.634375 0.53359375 0.075 0.09140625
0 0.0203125 0.63046875 0.040625 0.10234375
1 0.115625 0.6625 0.121875 0.15390625
0 0.58359375 0.71875 0.1078125 0.17890625
1 0.88046875 0.796875 0.2359375 0.36484375
3 0.20625 0.91796875 0.128125 0.15234375