0 0.29765625 0.3375 0.0328125 0.04609375
1 0.33984375 0.33828125 0.0296875 0.05234375
0 0.38828125 0.34296875 0.0296875 0.03515625
3 0.6125 0.3625 0.065625 0.10390625
3 0.553125 0.371875 0.059375 0.10234375
2 0.49140625 0.38984375 0.0703125 0.12109375
0 0.36328125 0.43203125 0.0453125 0.06015625
1 0.2765625 0.44296875 0.06875 0.08125
0 0.74140625 0.45078125 0.0515625 0.05625
0 0.67421875 0.45625 0.0609375 0.0875
1 0.14296875 0.48359375 0.1140625 0.15390625
1 0.2140625 0.5375 0.09375 0.14609375
0 0.328125 0.59140625 0.078125 0.0875
0 0.55859375 0.63359375 0.0953125 0.11640625
1 0.0703125 0.659375 0.140625 0.18984375
3 0.92421875 0.68984375 0.1515625 0.35859375
3 0.846875 0.75703125 0.30625 0.48515625