3 0.26796875 0.35 0.0640625 0.0875
3 0.6796875 0.43046875 0.071875 0.14765625
1 0.26796875 0.43359375 0.0921875 0.13359375
0 0.35859375 0.43984375 0.0734375 0.1125
3 0.6125 0.43984375 0.075 0.15390625
0 0.18203125 0.47734375 0.1015625 0.11640625
0 0.77265625 0.47734375 0.0640625 0.08359375
2 0.5375 0.48828125 0.11875 0.19375
0 0.31875 0.58046875 0.1 0.13515625
1 0.1625 0.596875 0.121875 0.16484375
0 0.8140625 0.60546875 0.1 0.16015625
0 0.9296875 0.61875 0.1 0.11640625
1 0.97421875 0.75390625 0.0515625 0.25859375
0 0.26640625 0.828125 0.1703125 0.19765625