1 0.31484375 0.32265625 0.0328125 0.05
0 0.346875 0.34765625 0.028125 0.04140625
0 0.47890625 0.37421875 0.0296875 0.03125
3 0.63125 0.378125 0.078125 0.12265625
3 0.55546875 0.39140625 0.0578125 0.08359375
0 0.49453125 0.39453125 0.0390625 0.04765625
0 0.27890625 0.44921875 0.0484375 0.06484375
0 0.4984375 0.45078125 0.04375 0.06015625
0 0.6234375 0.50859375 0.059375 0.075
0 0.52578125 0.51953125 0.0609375 0.08515625
0 0.33203125 0.53203125 0.0640625 0.07265625
3 0.8328125 0.72109375 0.334375 0.54609375
0 0.6015625 0.78203125 0.10625 0.15625