0 0.36015625 0.396875 0.0390625 0.04375
1 0.66484375 0.421875 0.0640625 0.11015625
0 0.5921875 0.45 0.046875 0.07109375
0 0.49765625 0.45234375 0.0421875 0.0625
3 0.259375 0.453125 0.109375 0.15234375
0 0.51328125 0.48203125 0.0546875 0.07265625
1 0.7671875 0.49453125 0.09375 0.12265625
1 0.62421875 0.51171875 0.0609375 0.13515625
0 0.53046875 0.51328125 0.0515625 0.05234375
1 0.6703125 0.54296875 0.09375 0.20625
0 0.33125 0.55625 0.075 0.09140625
0 0.55859375 0.57578125 0.0703125 0.11875
3 0.90859375 0.60234375 0.1671875 0.18359375
1 0.53515625 0.62421875 0.0796875 0.15625
1 0.7546875 0.63046875 0.071875 0.14375
0 0.20390625 0.67890625 0.1046875 0.125
3 0.8578125 0.71796875 0.215625 0.34765625
0 0.57734375 0.73046875 0.1046875 0.16015625
0 0.6140625 0.86015625 0.140625 0.2125