0 0.39765625 0.303125 0.0203125 0.02734375
0 0.39609375 0.31328125 0.0234375 0.03125
0 0.3671875 0.31484375 0.028125 0.0375
1 0.55390625 0.32890625 0.0578125 0.09609375
0 0.5078125 0.34140625 0.025 0.0375
0 0.3375 0.35 0.034375 0.05
0 0.47734375 0.35546875 0.0328125 0.04765625
0 0.38125 0.36875 0.034375 0.05
0 0.48515625 0.39140625 0.0390625 0.04609375
0 0.5046875 0.44765625 0.05 0.0625
1 0.7578125 0.51875 0.15625 0.2125
0 0.3046875 0.56015625 0.08125 0.11640625
0 0.5765625 0.63359375 0.096875 0.1625
0 0.64609375 0.853125 0.1546875 0.22265625