0 0.371875 0.37578125 0.03125 0.04375
1 0.55 0.38125 0.046875 0.08359375
0 0.48515625 0.39140625 0.0359375 0.05
3 0.6671875 0.41953125 0.084375 0.12734375
0 0.7203125 0.43359375 0.040625 0.05859375
0 0.509375 0.44296875 0.04375 0.06484375
2 0.61796875 0.44609375 0.0953125 0.15
0 0.78671875 0.48203125 0.0671875 0.06484375
0 0.54921875 0.575 0.0796875 0.1
3 0.8640625 0.575 0.196875 0.21640625
0 0.2875 0.62890625 0.0875 0.1375
1 0.7203125 0.62890625 0.10625 0.175
0 0.60390625 0.7875 0.1203125 0.16640625