0 0.4703125 0.36875 0.028125 0.03359375
1 0.59453125 0.37109375 0.0703125 0.07109375
0 0.3734375 0.375 0.03125 0.04609375
0 0.63671875 0.37734375 0.0296875 0.04609375
0 0.665625 0.4 0.04375 0.0625
2 0.4890625 0.40546875 0.04375 0.07265625
1 0.58046875 0.43984375 0.0796875 0.1125
0 0.50546875 0.46484375 0.0578125 0.07890625
1 0.684375 0.47265625 0.078125 0.09140625
1 0.76171875 0.51328125 0.0859375 0.08515625
0 0.628125 0.52578125 0.065625 0.08984375
0 0.52734375 0.553125 0.0734375 0.10625
1 0.93359375 0.68984375 0.1328125 0.18359375
3 0.8046875 0.71875 0.296875 0.44609375
0 0.60859375 0.775 0.1171875 0.16640625