0 0.27265625 0.371875 0.0359375 0.04375
1 0.61171875 0.37578125 0.0578125 0.08984375
3 0.55078125 0.38125 0.0484375 0.07109375
0 0.36953125 0.384375 0.0328125 0.04375
0 0.3046875 0.40625 0.040625 0.04609375
0 0.57265625 0.42734375 0.0328125 0.05859375
0 0.36171875 0.42890625 0.0359375 0.04609375
1 0.6859375 0.43828125 0.05 0.10234375
0 0.5046875 0.44296875 0.04375 0.04765625
0 0.59765625 0.44609375 0.0390625 0.05390625
1 0.765625 0.484375 0.10625 0.13984375
0 0.5171875 0.4875 0.05625 0.05859375
1 0.6265625 0.50546875 0.078125 0.11875
0 0.5390625 0.51796875 0.059375 0.03515625
1 0.66875 0.55703125 0.096875 0.19375
1 0.53671875 0.58828125 0.0890625 0.11015625
1 0.73984375 0.63828125 0.0515625 0.15234375
3 0.853125 0.70625 0.225 0.31640625
0 0.58203125 0.72578125 0.1015625 0.14375
0 0.59609375 0.81953125 0.0890625 0.12734375
3 0.928125 0.8515625 0.14375 0.296875
0 0.6484375 0.946875 0.146875 0.10625