1 0.56328125 0.38359375 0.0515625 0.09140625
3 0.203125 0.40703125 0.109375 0.15234375
0 0.296875 0.41875 0.04375 0.05390625
1 0.57890625 0.42265625 0.0328125 0.07890625
0 0.4953125 0.425 0.040625 0.05
0 0.35625 0.43125 0.040625 0.05859375
3 0.72578125 0.46796875 0.1015625 0.19765625
0 0.5046875 0.48671875 0.05625 0.07265625
1 0.21640625 0.49453125 0.0671875 0.07265625
3 0.65625 0.503125 0.159375 0.23984375
0 0.546875 0.5875 0.075 0.11640625
0 0.309375 0.6 0.10625 0.15390625
0 0.16015625 0.62421875 0.0890625 0.09375