1 0.6015625 0.378125 0.034375 0.06875
0 0.37734375 0.384375 0.0359375 0.05625
0 0.49375 0.39453125 0.0375 0.06015625
0 0.3140625 0.40078125 0.0375 0.04765625
0 0.359375 0.45703125 0.04375 0.05625
3 0.14140625 0.46796875 0.1578125 0.20234375
0 0.60390625 0.49296875 0.0609375 0.08125
0 0.25703125 0.49921875 0.0609375 0.07734375
1 0.6859375 0.54375 0.1125 0.20859375
0 0.32734375 0.559375 0.0734375 0.08984375
1 0.82578125 0.58203125 0.1015625 0.13125
2 0.5453125 0.58671875 0.078125 0.13984375
1 0.77109375 0.66328125 0.1296875 0.20234375
3 0.078125 0.76953125 0.15625 0.38125
0 0.61875 0.825 0.115625 0.1875
0 0.21328125 0.86015625 0.1546875 0.20390625