1 0.646875 0.39296875 0.05625 0.09375
1 0.5875 0.44921875 0.053125 0.11015625
1 0.69140625 0.45234375 0.0265625 0.0875
3 0.784375 0.48046875 0.15 0.16015625
0 0.496875 0.490625 0.053125 0.08515625
1 0.621875 0.49609375 0.08125 0.13359375
0 0.51875 0.55078125 0.065625 0.08984375
2 0.94375 0.59375 0.1125 0.125
0 0.54296875 0.63203125 0.0921875 0.15234375
0 0.6515625 0.63671875 0.11875 0.16015625
3 0.821875 0.69375 0.20625 0.34140625
2 0.1015625 0.71171875 0.203125 0.40234375
3 0.9 0.82265625 0.2 0.35390625
0 0.58984375 0.884375 0.1296875 0.22734375