1 0.32265625 0.35390625 0.0453125 0.07109375
0 0.26484375 0.38984375 0.0390625 0.04609375
0 0.48828125 0.39453125 0.0328125 0.04375
1 0.57109375 0.41328125 0.0515625 0.09765625
0 0.34765625 0.45078125 0.0515625 0.05625
0 0.50625 0.45078125 0.04375 0.06875
3 0.67734375 0.45859375 0.1171875 0.10390625
0 0.540625 0.478125 0.05 0.05625
2 0.17578125 0.56953125 0.1109375 0.14765625
2 0.54375 0.571875 0.0875 0.15234375
1 0.90703125 0.70234375 0.1578125 0.22109375
1 0.78515625 0.73515625 0.1734375 0.27109375
0 0.62109375 0.771875 0.1328125 0.18515625