0 0.39375 0.33125 0.040625 0.0375
0 0.48515625 0.39453125 0.0453125 0.02265625
3 0.5703125 0.4 0.06875 0.09140625
0 0.36328125 0.42421875 0.0515625 0.06484375
3 0.68671875 0.42421875 0.0890625 0.10625
1 0.2140625 0.43359375 0.075 0.075
0 0.51328125 0.44296875 0.0515625 0.03515625
0 0.50390625 0.45234375 0.0453125 0.04140625
3 0.63203125 0.48125 0.1140625 0.175
0 0.25390625 0.49921875 0.0828125 0.09375
0 0.50703125 0.503125 0.0578125 0.08125
1 0.79765625 0.55390625 0.1359375 0.125
0 0.5359375 0.59140625 0.0875 0.10390625
0 0.56640625 0.678125 0.1078125 0.13984375
0 0.26484375 0.67890625 0.1453125 0.14609375
1 0.9296875 0.6875 0.140625 0.2375
0 0.6125 0.78984375 0.128125 0.1625
0 0.865625 0.86875 0.178125 0.24609375
0 0.66640625 0.93203125 0.1578125 0.13515625