0 0.3984375 0.30625 0.03125 0.04140625
0 0.38984375 0.33984375 0.0296875 0.04609375
0 0.4796875 0.36015625 0.025 0.04140625
1 0.5578125 0.38671875 0.04375 0.07734375
0 0.37421875 0.40234375 0.0734375 0.09140625
0 0.4890625 0.40390625 0.0375 0.0375
0 0.4953125 0.45546875 0.040625 0.05625
1 0.26484375 0.46796875 0.1046875 0.12265625
0 0.5171875 0.50859375 0.053125 0.0875
3 0.70859375 0.57421875 0.2296875 0.33515625
0 0.56015625 0.628125 0.0984375 0.13984375
0 0.2828125 0.68125 0.184375 0.14609375
0 0.9140625 0.69921875 0.115625 0.14765625
0 0.659375 0.859375 0.153125 0.23515625