1 0.309375 0.32421875 0.034375 0.05625
0 0.37265625 0.36796875 0.0265625 0.03984375
1 0.55234375 0.3875 0.0515625 0.09140625
0 0.49375 0.40234375 0.0375 0.05
0 0.571875 0.42421875 0.034375 0.05234375
3 0.24921875 0.44375 0.1046875 0.18359375
0 0.59453125 0.45234375 0.0453125 0.075
3 0.72734375 0.46015625 0.1328125 0.22890625
0 0.5046875 0.46484375 0.046875 0.06640625
0 0.35078125 0.48203125 0.0546875 0.08125
0 0.51640625 0.49765625 0.0609375 0.08359375
1 0.6234375 0.51171875 0.071875 0.13125
0 0.53203125 0.53125 0.0578125 0.0875
1 0.6703125 0.54375 0.109375 0.20859375
1 0.8234375 0.56875 0.140625 0.21640625
1 0.53828125 0.63515625 0.0890625 0.16640625
0 0.2859375 0.65703125 0.103125 0.11875
0 0.58046875 0.73984375 0.1078125 0.17109375
3 0.8578125 0.75390625 0.225 0.42890625
0 0.61328125 0.86328125 0.1421875 0.22265625
0 0.6421875 0.9484375 0.15 0.103125