0 0.34609375 0.35234375 0.0265625 0.0375
1 0.2421875 0.37578125 0.046875 0.07265625
0 0.57421875 0.41875 0.0265625 0.04140625
0 0.36640625 0.43046875 0.0453125 0.06015625
3 0.6671875 0.43515625 0.096875 0.14140625
0 0.6 0.44921875 0.053125 0.06484375
0 0.5140625 0.45234375 0.05 0.04140625
0 0.2921875 0.48125 0.059375 0.05390625
0 0.51875 0.49609375 0.0625 0.07890625
1 0.6359375 0.52109375 0.075 0.1375
0 0.53203125 0.52265625 0.0546875 0.07109375
0 0.58671875 0.61171875 0.0828125 0.12265625
1 0.7234375 0.61484375 0.125 0.23359375
3 0.89453125 0.63046875 0.2109375 0.41484375
1 0.5421875 0.65390625 0.090625 0.17890625
1 0.07578125 0.74375 0.1078125 0.35390625
0 0.23515625 0.83125 0.1890625 0.17890625
0 0.62109375 0.909375 0.1515625 0.17734375