1 0.32265625 0.31484375 0.0328125 0.04609375
0 0.39140625 0.33203125 0.0265625 0.03515625
3 0.6078125 0.34921875 0.06875 0.11015625
1 0.28046875 0.353125 0.0390625 0.05625
3 0.54609375 0.35859375 0.0640625 0.10859375
1 0.32578125 0.36171875 0.0359375 0.06015625
0 0.37890625 0.36953125 0.0359375 0.04765625
2 0.490625 0.37578125 0.0625 0.09765625
0 0.684375 0.41015625 0.04375 0.05859375
0 0.52890625 0.534375 0.0640625 0.09375
0 0.33046875 0.54140625 0.0671875 0.07890625
1 0.19296875 0.55703125 0.1109375 0.14375
3 0.06484375 0.57578125 0.1296875 0.20625
3 0.7265625 0.60234375 0.2125 0.325
3 0.88359375 0.609375 0.2265625 0.29765625
1 0.06796875 0.83046875 0.1359375 0.30234375