1 0.39140625 0.32578125 0.0265625 0.03125
0 0.375 0.371875 0.040625 0.03984375
1 0.62265625 0.39453125 0.0390625 0.06484375
1 0.240625 0.39765625 0.053125 0.0625
0 0.48359375 0.4 0.0359375 0.04609375
3 0.578125 0.4125 0.078125 0.125
1 0.66640625 0.44609375 0.0640625 0.07890625
0 0.50390625 0.45546875 0.0453125 0.05625
0 0.73828125 0.521875 0.0671875 0.08125
0 0.63671875 0.53203125 0.0671875 0.08125
0 0.56875 0.61171875 0.08125 0.11484375
1 0.8703125 0.621875 0.1375 0.19765625
0 0.61875 0.84296875 0.125 0.18984375
0 0.89140625 0.89453125 0.1984375 0.20234375