3 0.3421875 0.31484375 0.040625 0.04609375
0 0.39609375 0.325 0.0265625 0.0375
3 0.28359375 0.340625 0.0515625 0.06015625
3 0.32890625 0.35859375 0.0484375 0.075
0 0.38125 0.36328125 0.034375 0.05234375
1 0.60625 0.37265625 0.04375 0.07890625
1 0.64921875 0.4 0.0640625 0.09609375
0 0.36015625 0.42265625 0.0578125 0.075
1 0.259375 0.42578125 0.071875 0.09375
0 0.59140625 0.440625 0.0421875 0.04765625
0 0.74765625 0.45 0.0703125 0.07109375
1 0.2015625 0.48203125 0.08125 0.11875
1 0.7125 0.490625 0.075 0.08515625
0 0.509375 0.49765625 0.0625 0.075
1 0.61796875 0.503125 0.0859375 0.14375
3 0.82421875 0.53828125 0.1546875 0.13515625
1 0.6734375 0.55078125 0.11875 0.22734375
0 0.52265625 0.57265625 0.0765625 0.09609375
0 0.54609375 0.60703125 0.0828125 0.11875
1 0.740625 0.62421875 0.078125 0.12734375
0 0.26875 0.68828125 0.115625 0.17734375
3 0.85703125 0.70390625 0.2140625 0.35
0 0.5875 0.7875 0.128125 0.2
3 0.93359375 0.85 0.1328125 0.3
0 0.75234375 0.915625 0.1859375 0.16875