3 0.5796875 0.334375 0.053125 0.08515625
3 0.53125 0.35546875 0.053125 0.09375
0 0.4796875 0.365625 0.04375 0.05234375
0 0.62578125 0.36796875 0.0421875 0.04375
0 0.2640625 0.37890625 0.04375 0.075
0 0.36640625 0.38125 0.0421875 0.05390625
1 0.30546875 0.38515625 0.0640625 0.09609375
0 0.68515625 0.41484375 0.0515625 0.07890625
0 0.359375 0.42578125 0.05 0.06484375
0 0.49609375 0.4375 0.0578125 0.08359375
0 0.36015625 0.471875 0.0671875 0.08515625
1 0.80703125 0.48671875 0.0546875 0.10625
1 0.753125 0.51015625 0.096875 0.15859375
0 0.55390625 0.58515625 0.0796875 0.13359375
0 0.76484375 0.6875 0.1234375 0.17890625
1 0.94140625 0.72265625 0.1171875 0.35
0 0.690625 0.95390625 0.1625 0.09140625