0 0.4015625 0.3 0.025 0.02890625
3 0.49609375 0.30078125 0.0328125 0.06015625
0 0.46484375 0.31796875 0.0234375 0.03125
0 0.47578125 0.33671875 0.0234375 0.03125
2 0.3796875 0.34375 0.05 0.075
3 0.57109375 0.34765625 0.0546875 0.06640625
3 0.309375 0.35 0.075 0.10859375
0 0.484375 0.36796875 0.03125 0.03515625
0 0.5609375 0.41640625 0.040625 0.05859375
0 0.49921875 0.42109375 0.0421875 0.05
0 0.359375 0.42265625 0.046875 0.07109375
0 0.27265625 0.671875 0.1078125 0.15625
0 0.7953125 0.74453125 0.14375 0.20234375