3 0.53671875 0.35703125 0.0546875 0.08125
1 0.25390625 0.37109375 0.0515625 0.06640625
0 0.60625 0.38125 0.046875 0.05390625
0 0.4828125 0.39140625 0.034375 0.04140625
0 0.5609375 0.421875 0.040625 0.04765625
0 0.64453125 0.43125 0.0484375 0.05859375
0 0.5078125 0.45234375 0.05 0.05859375
0 0.32265625 0.46484375 0.0328125 0.0625
1 0.71015625 0.471875 0.0734375 0.11015625
0 0.63203125 0.51875 0.0734375 0.09609375
0 0.525 0.52265625 0.059375 0.07109375
3 0.87578125 0.58203125 0.2484375 0.34765625
0 0.59765625 0.6875 0.1203125 0.16640625
3 0.85 0.7984375 0.3 0.403125