0 0.38984375 0.32421875 0.0328125 0.04375
1 0.2953125 0.340625 0.046875 0.06484375
0 0.33203125 0.36328125 0.0390625 0.06015625
3 0.5546875 0.37421875 0.0625 0.12265625
0 0.37578125 0.375 0.0453125 0.07109375
0 0.48828125 0.40703125 0.0453125 0.04765625
0 0.68828125 0.409375 0.0546875 0.07265625
0 0.340625 0.41875 0.0625 0.075
3 0.5875 0.43359375 0.0875 0.14140625
0 0.50625 0.4625 0.059375 0.05859375
0 0.2171875 0.51171875 0.084375 0.09375
0 0.5203125 0.52890625 0.06875 0.1
3 0.8171875 0.53046875 0.128125 0.18515625
3 0.6875 0.55625 0.16875 0.2875
0 0.5484375 0.61796875 0.0875 0.10625
0 0.57578125 0.73359375 0.1109375 0.17109375
1 0.95546875 0.753125 0.0890625 0.24765625
0 0.63359375 0.88203125 0.1546875 0.23515625