0 0.3828125 0.36328125 0.03125 0.03515625
0 0.478125 0.37578125 0.034375 0.04375
1 0.26171875 0.38125 0.0453125 0.0625
0 0.3171875 0.38203125 0.034375 0.04375
0 0.54921875 0.39375 0.0359375 0.05
1 0.621875 0.39765625 0.046875 0.08359375
1 0.2140625 0.41015625 0.05 0.1
0 0.37265625 0.41015625 0.0390625 0.04140625
0 0.49296875 0.41953125 0.0390625 0.05234375
0 0.58828125 0.440625 0.0484375 0.07265625
1 0.28671875 0.45078125 0.0421875 0.06484375
0 0.35546875 0.46015625 0.0484375 0.07109375
0 0.6921875 0.478125 0.059375 0.07734375
1 0.23359375 0.47890625 0.0828125 0.125
0 0.52109375 0.509375 0.0640625 0.10234375
1 0.65625 0.525 0.075 0.125
1 0.07578125 0.54140625 0.1171875 0.14140625
0 0.5515625 0.61171875 0.078125 0.12265625