3 0.5921875 0.3375 0.046875 0.06640625
3 0.2640625 0.35078125 0.071875 0.10234375
3 0.53984375 0.35078125 0.0578125 0.08125
1 0.31875 0.38046875 0.04375 0.07265625
1 0.18671875 0.40703125 0.0921875 0.11484375
1 0.29375 0.41484375 0.0625 0.07109375
0 0.48828125 0.421875 0.0390625 0.06484375
3 0.61796875 0.45390625 0.0921875 0.17109375
0 0.253125 0.48125 0.059375 0.07109375
0 0.34765625 0.48125 0.0546875 0.0625
0 0.17265625 0.49375 0.0640625 0.0625
3 0.7734375 0.53046875 0.125 0.14375
0 0.53359375 0.553125 0.0671875 0.11015625
1 0.71640625 0.57578125 0.1203125 0.21875
1 0.10625 0.66328125 0.171875 0.21875