1 0.5671875 0.39140625 0.053125 0.09140625
3 0.221875 0.39609375 0.096875 0.14140625
2 0.4859375 0.396875 0.0375 0.06015625
0 0.61015625 0.4 0.0390625 0.05859375
0 0.30625 0.41171875 0.040625 0.05234375
0 0.36640625 0.41640625 0.0421875 0.05859375
1 0.596875 0.43515625 0.05 0.075
0 0.50234375 0.45 0.0421875 0.05859375
1 0.234375 0.471875 0.0625 0.07734375
3 0.7578125 0.48828125 0.121875 0.21875
0 0.51953125 0.52265625 0.0640625 0.08359375
3 0.68828125 0.55546875 0.1953125 0.28125
0 0.31875 0.5625 0.0875 0.125
0 0.18828125 0.57890625 0.0765625 0.0875
0 0.56953125 0.65546875 0.0984375 0.13515625
0 0.228125 0.93203125 0.15 0.13515625