3 0.465625 0.31171875 0.034375 0.05625
0 0.50234375 0.321875 0.0171875 0.02265625
0 0.39296875 0.328125 0.0265625 0.03125
3 0.34140625 0.33515625 0.0484375 0.075
1 0.55390625 0.33984375 0.0296875 0.04609375
0 0.51171875 0.34375 0.0203125 0.02890625
0 0.475 0.34453125 0.025 0.02734375
0 0.38203125 0.36015625 0.0328125 0.03359375
1 0.5953125 0.37109375 0.0375 0.05390625
0 0.52890625 0.37265625 0.0203125 0.02890625
0 0.4875 0.38359375 0.03125 0.0375
3 0.29609375 0.384375 0.0796875 0.11484375
0 0.37578125 0.38515625 0.0359375 0.04140625
0 0.553125 0.39375 0.028125 0.04609375
0 0.6609375 0.4 0.0375 0.04609375
0 0.6390625 0.42734375 0.05 0.04609375
0 0.5 0.42890625 0.046875 0.07109375
0 0.58046875 0.43671875 0.0453125 0.06875
1 0.16953125 0.46640625 0.0828125 0.10859375
0 0.3453125 0.49921875 0.071875 0.07265625
0 0.73125 0.51953125 0.065625 0.08125
1 0.66796875 0.55078125 0.1109375 0.18984375
0 0.86015625 0.553125 0.0734375 0.08984375
0 0.2875 0.58125 0.084375 0.09140625
0 0.82109375 0.60390625 0.0859375 0.09140625
0 0.57734375 0.73359375 0.1140625 0.15859375
3 0.8703125 0.87578125 0.259375 0.24765625