0 0.4734375 0.36328125 0.028125 0.03125
2 0.54140625 0.37421875 0.0578125 0.10234375
3 0.6625 0.3875 0.1 0.1125
0 0.48125 0.39296875 0.0375 0.04375
0 0.490625 0.43515625 0.05 0.0625
2 0.58515625 0.43515625 0.0828125 0.15859375
0 0.509375 0.45234375 0.04375 0.0375
0 0.71640625 0.490625 0.0359375 0.06484375
3 0.65546875 0.5 0.1234375 0.22890625
0 0.51484375 0.50625 0.0640625 0.0875
0 0.7609375 0.52578125 0.065625 0.07265625
0 0.2171875 0.52734375 0.075 0.0875
0 0.5515625 0.57265625 0.096875 0.12109375
0 0.79765625 0.578125 0.0703125 0.09765625
0 0.30546875 0.58046875 0.0734375 0.09375
0 0.87109375 0.63671875 0.1046875 0.11875
0 0.7140625 0.64609375 0.09375 0.15
0 0.5640625 0.67109375 0.10625 0.15
0 0.62734375 0.88828125 0.1421875 0.22265625