0 0.346875 0.34765625 0.040625 0.05
0 0.31640625 0.40625 0.0515625 0.06640625
1 0.20859375 0.40703125 0.0734375 0.08515625
3 0.6546875 0.415625 0.109375 0.13125
0 0.5203125 0.496875 0.059375 0.07734375
1 0.621875 0.50859375 0.078125 0.13359375
0 0.52578125 0.52734375 0.0640625 0.09140625
0 0.734375 0.53671875 0.059375 0.11484375
1 0.69765625 0.571875 0.1359375 0.22265625
3 0.87734375 0.59609375 0.2453125 0.3875
0 0.578125 0.60078125 0.0875 0.12734375
0 0.3015625 0.61015625 0.09375 0.125
1 0.5390625 0.64296875 0.090625 0.19765625
0 0.615625 0.86015625 0.165625 0.26640625
1 0.91640625 0.8671875 0.1671875 0.265625
0 0.15546875 0.89765625 0.1703125 0.19140625