1 0.37578125 0.29296875 0.0328125 0.05234375
0 0.40234375 0.30546875 0.0203125 0.03125
3 0.35078125 0.31796875 0.0359375 0.06015625
0 0.39140625 0.3375 0.0234375 0.03359375
1 0.2828125 0.34375 0.046875 0.05390625
1 0.53203125 0.35546875 0.0328125 0.06875
0 0.475 0.359375 0.028125 0.03515625
1 0.590625 0.36640625 0.05 0.075
2 0.3109375 0.375 0.065625 0.09140625
0 0.3734375 0.37890625 0.034375 0.04609375
3 0.228125 0.39375 0.053125 0.07890625
0 0.35390625 0.43203125 0.0484375 0.06875
0 0.640625 0.52421875 0.065625 0.10625
0 0.5515625 0.53984375 0.06875 0.1375
1 0.17109375 0.58671875 0.1015625 0.11875
0 0.29765625 0.64296875 0.0859375 0.11484375