2 0.63671875 0.39296875 0.0796875 0.11875
0 0.4859375 0.40390625 0.0375 0.04609375
1 0.57578125 0.421875 0.0546875 0.09765625
1 0.22265625 0.42265625 0.0578125 0.07109375
0 0.50625 0.44140625 0.046875 0.06640625
1 0.26953125 0.46015625 0.0578125 0.07109375
1 0.7375 0.50625 0.078125 0.12109375
0 0.63359375 0.51484375 0.0609375 0.0875
0 0.28359375 0.51796875 0.0671875 0.07265625
0 0.3015625 0.60078125 0.08125 0.10625
0 0.5515625 0.609375 0.084375 0.11875
0 0.846875 0.63984375 0.1125 0.15390625
0 0.71875 0.69296875 0.109375 0.13984375