3 0.6125 0.365625 0.053125 0.08984375
2 0.55859375 0.37890625 0.0640625 0.1
0 0.5015625 0.42734375 0.05 0.05390625
3 0.68515625 0.4375 0.0953125 0.14609375
0 0.20703125 0.44921875 0.0578125 0.06015625
0 0.35625 0.45078125 0.05 0.06015625
1 0.590625 0.45546875 0.05 0.09765625
0 0.76484375 0.47265625 0.0578125 0.07890625
0 0.51484375 0.4875 0.0578125 0.075
1 0.65 0.50546875 0.096875 0.17734375
0 0.88125 0.56328125 0.09375 0.10625
0 0.5515625 0.584375 0.078125 0.10625
1 0.759375 0.659375 0.159375 0.27734375
0 0.19140625 0.90859375 0.1515625 0.17890625