3 0.36328125 0.29140625 0.0453125 0.06640625
1 0.33203125 0.34921875 0.0546875 0.07734375
1 0.38359375 0.359375 0.0546875 0.08515625
3 0.6875 0.39921875 0.10625 0.11015625
0 0.52890625 0.41171875 0.0515625 0.07265625
1 0.590625 0.4125 0.06875 0.10390625
0 0.34296875 0.45390625 0.0640625 0.08359375
0 0.775 0.46328125 0.075 0.09375
0 0.63046875 0.49140625 0.0484375 0.10859375
0 0.5140625 0.51328125 0.071875 0.09375
1 0.69609375 0.51875 0.1265625 0.19609375
0 0.5484375 0.59140625 0.09375 0.10859375
0 0.2984375 0.61328125 0.125 0.16015625
0 0.93828125 0.61875 0.1109375 0.14140625
0 0.57890625 0.7 0.1109375 0.17109375
3 0.83984375 0.73515625 0.3140625 0.4875
3 0.0515625 0.7875 0.096875 0.425
0 0.628125 0.9078125 0.16875 0.184375