1 0.24453125 0.36484375 0.0703125 0.09609375
2 0.60703125 0.36484375 0.0640625 0.1
1 0.5578125 0.39609375 0.046875 0.0875
0 0.5 0.425 0.046875 0.06640625
1 0.68828125 0.45625 0.0609375 0.10390625
0 0.6015625 0.46328125 0.053125 0.06875
1 0.13515625 0.50390625 0.0921875 0.10390625
0 0.5234375 0.52734375 0.06875 0.09609375
0 0.7609375 0.55625 0.08125 0.1125
1 0.19921875 0.57421875 0.0921875 0.11875
0 0.65234375 0.575 0.0765625 0.1
0 0.64921875 0.803125 0.1421875 0.19765625
0 0.07578125 0.834375 0.1515625 0.16875