2 0.46875 0.33359375 0.040625 0.0625
3 0.5296875 0.34921875 0.05625 0.08984375
0 0.47734375 0.378125 0.0359375 0.03125
0 0.48203125 0.38203125 0.0328125 0.03984375
1 0.63828125 0.40546875 0.0515625 0.08984375
0 0.48984375 0.40703125 0.0421875 0.05625
2 0.575 0.40703125 0.084375 0.12265625
3 0.20546875 0.43203125 0.0671875 0.09765625
0 0.715625 0.43203125 0.046875 0.05625
0 0.66953125 0.45546875 0.0515625 0.06015625
0 0.50390625 0.46875 0.0515625 0.07890625
0 0.52890625 0.53515625 0.0640625 0.0875
3 0.83046875 0.54375 0.1921875 0.27109375
0 0.32109375 0.55546875 0.0734375 0.10234375
0 0.6703125 0.59453125 0.084375 0.11875
0 0.04140625 0.60390625 0.0828125 0.11640625
0 0.55546875 0.65390625 0.0921875 0.15859375
0 0.22890625 0.803125 0.1265625 0.16015625
0 0.65234375 0.88046875 0.1609375 0.22734375