1 0.55234375 0.38359375 0.0484375 0.09140625
0 0.48984375 0.40546875 0.0421875 0.05625
3 0.63828125 0.41640625 0.0890625 0.09609375
0 0.5125 0.42265625 0.040625 0.05
1 0.26015625 0.44375 0.0671875 0.10390625
0 0.7515625 0.46953125 0.065625 0.07734375
2 0.51015625 0.47109375 0.0640625 0.1125
0 0.1515625 0.48984375 0.059375 0.06640625
0 0.834375 0.52578125 0.08125 0.08984375
1 0.65703125 0.54609375 0.1140625 0.16640625
0 0.54765625 0.57265625 0.0828125 0.12109375
1 0.78515625 0.58125 0.1078125 0.12890625
1 0.94140625 0.71875 0.1171875 0.19609375
0 0.77578125 0.73359375 0.1296875 0.17890625
0 0.61484375 0.80703125 0.1421875 0.22265625