0 0.3296875 0.32421875 0.025 0.03984375
0 0.3640625 0.32578125 0.025 0.03515625
0 0.3890625 0.33671875 0.028125 0.04375
3 0.60703125 0.34765625 0.0828125 0.09609375
1 0.55390625 0.38359375 0.0484375 0.075
0 0.4828125 0.39453125 0.046875 0.05625
0 0.49296875 0.42421875 0.0453125 0.06015625
0 0.57421875 0.42421875 0.0515625 0.05234375
0 0.5953125 0.44765625 0.04375 0.05859375
0 0.5078125 0.46953125 0.053125 0.07265625
1 0.728125 0.46953125 0.09375 0.12734375
1 0.7984375 0.503125 0.125 0.10625
1 0.6203125 0.50546875 0.071875 0.13515625
0 0.5234375 0.515625 0.065625 0.08125
0 0.31796875 0.51953125 0.0765625 0.11484375
1 0.665625 0.553125 0.09375 0.18984375
0 0.5578125 0.57109375 0.065625 0.1125
1 0.53046875 0.61328125 0.0828125 0.13515625
1 0.7390625 0.63203125 0.04375 0.13984375
1 0.0171875 0.63515625 0.034375 0.0875
3 0.85625 0.69609375 0.234375 0.3125
0 0.57421875 0.71171875 0.1140625 0.13984375
0 0.6171875 0.84140625 0.140625 0.15390625
3 0.921875 0.846875 0.15625 0.30625
0 0.6359375 0.946875 0.1375 0.10625