0 0.31875 0.38828125 0.0375 0.04375
2 0.621875 0.39453125 0.075 0.11015625
0 0.49375 0.40546875 0.0375 0.03984375
0 0.559375 0.40625 0.040625 0.04609375
0 0.575 0.43671875 0.03125 0.05234375
0 0.50234375 0.44765625 0.0421875 0.05390625
1 0.61640625 0.46484375 0.0609375 0.10859375
0 0.53828125 0.490625 0.0578125 0.07734375
0 0.6421875 0.54765625 0.075 0.09140625
0 0.89453125 0.60078125 0.1078125 0.11484375
1 0.74765625 0.66640625 0.1015625 0.16640625
0 0.89296875 0.690625 0.1046875 0.12265625
0 0.6078125 0.8 0.125 0.20390625
1 0.85078125 0.81640625 0.1890625 0.3375