0 0.33828125 0.34921875 0.0296875 0.03515625
0 0.3765625 0.35 0.034375 0.03359375
2 0.5421875 0.3625 0.0625 0.0875
0 0.4734375 0.36328125 0.028125 0.03125
0 0.48125 0.39296875 0.0375 0.04375
3 0.65625 0.39609375 0.084375 0.125
0 0.371875 0.39765625 0.034375 0.05
0 0.29296875 0.39921875 0.0390625 0.04375
0 0.490625 0.43515625 0.05 0.0625
2 0.58515625 0.43515625 0.0828125 0.15859375
0 0.509375 0.45234375 0.04375 0.0375
0 0.71640625 0.490625 0.0359375 0.06484375
3 0.6578125 0.49375 0.115625 0.20859375
0 0.51484375 0.50625 0.0640625 0.0875
0 0.7609375 0.52578125 0.065625 0.07265625
0 0.5515625 0.57265625 0.096875 0.12109375
0 0.79765625 0.578125 0.0703125 0.09765625
0 0.85859375 0.62265625 0.1015625 0.1
0 0.6984375 0.62734375 0.096875 0.14140625
0 0.559375 0.65546875 0.096875 0.11875
0 0.596875 0.79140625 0.121875 0.18359375