0 0.36953125 0.38828125 0.0421875 0.04765625
0 0.51328125 0.42109375 0.0484375 0.0625
0 0.65859375 0.42890625 0.0578125 0.06640625
0 0.57265625 0.43203125 0.0453125 0.05625
0 0.75390625 0.46328125 0.0546875 0.05625
1 0.63046875 0.48828125 0.0796875 0.13984375
0 0.51796875 0.5 0.0578125 0.08359375
0 0.71484375 0.51015625 0.0671875 0.0625
1 0.81796875 0.56484375 0.1234375 0.2125
0 0.56640625 0.61015625 0.0859375 0.1125
0 0.1359375 0.66640625 0.103125 0.10390625
0 0.7640625 0.71875 0.125 0.17109375