3 0.346875 0.32890625 0.0375 0.06640625
0 0.47265625 0.34453125 0.0234375 0.03125
0 0.5640625 0.35234375 0.025 0.04140625
0 0.5234375 0.3625 0.028125 0.04609375
0 0.3828125 0.36328125 0.03125 0.03515625
0 0.60703125 0.36328125 0.0296875 0.03984375
1 0.26953125 0.37734375 0.0453125 0.0625
0 0.3203125 0.38046875 0.034375 0.04375
0 0.4796875 0.38828125 0.034375 0.04375
1 0.21875 0.4 0.05 0.1
0 0.55546875 0.40234375 0.0359375 0.05
1 0.6296875 0.40625 0.046875 0.08359375
0 0.37578125 0.40859375 0.0390625 0.04140625
0 0.49921875 0.42578125 0.0390625 0.05234375
1 0.28984375 0.43828125 0.0421875 0.06484375
0 0.59453125 0.44296875 0.0484375 0.07265625
0 0.35703125 0.44921875 0.0453125 0.06015625
1 0.24296875 0.475 0.0828125 0.125
0 0.7 0.48203125 0.059375 0.07734375
0 0.5265625 0.52421875 0.05625 0.10234375
1 0.09453125 0.53125 0.1109375 0.14140625
1 0.6609375 0.5375 0.075 0.125
0 0.3234375 0.56328125 0.065625 0.08515625
0 0.5578125 0.63515625 0.084375 0.13359375
0 0.0765625 0.76171875 0.1375 0.16015625