1 0.353125 0.28671875 0.034375 0.05625
0 0.40390625 0.309375 0.0203125 0.02734375
2 0.609375 0.34375 0.053125 0.075
1 0.52734375 0.34609375 0.0328125 0.0625
1 0.609375 0.36875 0.05 0.07109375
0 0.48203125 0.38671875 0.0328125 0.03984375
3 0.57578125 0.40234375 0.0796875 0.10859375
2 0.4984375 0.425 0.04375 0.07109375
0 0.515625 0.46640625 0.05625 0.07890625
0 0.3296875 0.49765625 0.065625 0.08359375
0 0.540625 0.58125 0.071875 0.11640625
0 0.9125 0.65078125 0.1125 0.13515625
3 0.803125 0.75234375 0.19375 0.3375
0 0.63125 0.85234375 0.14375 0.24140625