0 0.37578125 0.37578125 0.0359375 0.04375
3 0.63203125 0.38125 0.0765625 0.125
1 0.315625 0.38203125 0.046875 0.05625
3 0.565625 0.38515625 0.075 0.12890625
3 0.2078125 0.4125 0.0875 0.10390625
2 0.5078125 0.41875 0.084375 0.1375
1 0.28515625 0.42421875 0.0640625 0.08984375
0 0.721875 0.43984375 0.053125 0.05859375
0 0.36328125 0.440625 0.0484375 0.05625
3 0.2234375 0.47734375 0.09375 0.1
0 0.7046875 0.4875 0.06875 0.10390625
1 0.8609375 0.61171875 0.11875 0.18125
1 0.13203125 0.63046875 0.1328125 0.19765625
0 0.2828125 0.665625 0.103125 0.12265625
0 0.62109375 0.86171875 0.1421875 0.19765625