2 0.61328125 0.37890625 0.0703125 0.10390625
1 0.56328125 0.39453125 0.0578125 0.11015625
0 0.490625 0.40234375 0.0375 0.04609375
2 0.69140625 0.446875 0.1140625 0.17265625
0 0.503125 0.45625 0.053125 0.075
0 0.60234375 0.471875 0.0578125 0.07265625
0 0.80625 0.50546875 0.078125 0.08125
0 0.32734375 0.50703125 0.0640625 0.08984375
0 0.5296875 0.521875 0.0625 0.08984375
0 0.63984375 0.52578125 0.0796875 0.10234375
1 0.72578125 0.609375 0.1171875 0.21484375
0 0.58359375 0.62109375 0.0921875 0.14609375
0 0.82578125 0.83203125 0.1640625 0.21015625