0 0.29296875 0.35234375 0.0328125 0.04140625
3 0.62734375 0.35625 0.0734375 0.0625
0 0.37109375 0.36484375 0.0328125 0.04140625
3 0.5390625 0.36796875 0.0625 0.10234375
0 0.484375 0.40859375 0.040625 0.05390625
0 0.56484375 0.425 0.0265625 0.05859375
3 0.6953125 0.44375 0.06875 0.11640625
2 0.625 0.46796875 0.121875 0.18125
0 0.35 0.46875 0.0625 0.07109375
0 0.5125 0.47734375 0.0625 0.0875
3 0.22265625 0.48359375 0.1140625 0.16640625
3 0.13984375 0.48671875 0.0828125 0.11484375
0 0.7546875 0.53828125 0.078125 0.08984375
0 0.54609375 0.58515625 0.0859375 0.125
0 0.29765625 0.64375 0.0953125 0.11640625
1 0.05703125 0.73671875 0.1140625 0.24765625
0 0.62109375 0.80703125 0.1265625 0.19765625