3 0.334375 0.36171875 0.0375 0.07734375
1 0.29375 0.42578125 0.0625 0.07265625
0 0.5 0.45859375 0.046875 0.075
0 0.35 0.46015625 0.053125 0.0875
0 0.52734375 0.496875 0.0671875 0.07265625
0 0.73359375 0.5 0.0390625 0.06640625
3 0.6640625 0.51171875 0.121875 0.16015625
1 0.86953125 0.534375 0.1890625 0.17265625
0 0.5359375 0.54140625 0.078125 0.09140625
3 0.14921875 0.57265625 0.2171875 0.34609375
0 0.5609375 0.634375 0.08125 0.12265625
3 0.87734375 0.7859375 0.2453125 0.428125
0 0.6140625 0.81015625 0.140625 0.19609375
0 0.2453125 0.81875 0.14375 0.1625