0 0.38203125 0.37265625 0.0453125 0.05390625
0 0.47890625 0.37578125 0.0515625 0.05625
3 0.5578125 0.378125 0.0875 0.11015625
2 0.2203125 0.38359375 0.096875 0.1375
3 0.29921875 0.38515625 0.0890625 0.125
1 0.62109375 0.390625 0.0703125 0.09765625
0 0.35703125 0.46875 0.0609375 0.0875
3 0.24453125 0.47578125 0.1140625 0.19765625
1 0.715625 0.48515625 0.096875 0.1375
0 0.5171875 0.49296875 0.065625 0.09375
0 0.1171875 0.52109375 0.096875 0.10859375
1 0.921875 0.68359375 0.15625 0.3
0 0.290625 0.69453125 0.1375 0.20234375
0 0.615625 0.71875 0.1375 0.21640625
0 0.82109375 0.77734375 0.1609375 0.24140625