0 0.578125 0.359375 0.034375 0.05234375
0 0.53359375 0.371875 0.0296875 0.03984375
0 0.5984375 0.38359375 0.034375 0.04140625
1 0.6359375 0.39609375 0.04375 0.05859375
0 0.5609375 0.415625 0.0375 0.05234375
0 0.490625 0.41875 0.0375 0.05390625
3 0.7265625 0.459375 0.140625 0.21015625
0 0.515625 0.47421875 0.059375 0.07734375
3 0.62890625 0.484375 0.1078125 0.13984375
1 0.07421875 0.52109375 0.1203125 0.125
0 0.55234375 0.60078125 0.0765625 0.12734375
0 0.91171875 0.71171875 0.1296875 0.12265625
0 0.603125 0.78671875 0.115625 0.19375
0 0.84140625 0.85625 0.1484375 0.1625