1 0.3375 0.31171875 0.021875 0.04375
3 0.51640625 0.31640625 0.0234375 0.06640625
0 0.359375 0.33046875 0.021875 0.03515625
0 0.390625 0.34921875 0.021875 0.03515625
0 0.47265625 0.36015625 0.0203125 0.04140625
3 0.5546875 0.365625 0.06875 0.10625
0 0.48828125 0.39921875 0.0296875 0.05625
0 0.23671875 0.41171875 0.0453125 0.05625
0 0.36171875 0.41171875 0.0453125 0.08515625
0 0.52265625 0.48984375 0.0609375 0.07890625
3 0.746875 0.61484375 0.190625 0.27890625
3 0.90703125 0.66640625 0.1859375 0.29140625
0 0.5875 0.70703125 0.0875 0.15234375
0 0.25234375 0.75546875 0.1578125 0.11875