0 0.39296875 0.33828125 0.0390625 0.04375
3 0.27578125 0.359375 0.0796875 0.07265625
1 0.3359375 0.36328125 0.04375 0.05234375
0 0.38515625 0.36953125 0.0421875 0.04375
0 0.36875 0.41953125 0.04375 0.06015625
1 0.28515625 0.43203125 0.0890625 0.11875
3 0.62109375 0.47109375 0.1234375 0.19140625
0 0.525 0.47421875 0.059375 0.05234375
3 0.77734375 0.5 0.1609375 0.25
0 0.52734375 0.53984375 0.0859375 0.09609375
1 0.171875 0.55390625 0.11875 0.1625
0 0.9171875 0.61640625 0.10625 0.10859375
0 0.54921875 0.61953125 0.1015625 0.15234375
3 0.74765625 0.63515625 0.2265625 0.32109375
0 0.59375 0.75234375 0.140625 0.175
3 0.9046875 0.825 0.190625 0.35
0 0.20546875 0.9421875 0.1828125 0.115625
0 0.65625 0.94765625 0.159375 0.10390625