0 0.33828125 0.353125 0.0265625 0.02734375
2 0.5984375 0.359375 0.053125 0.08515625
2 0.6609375 0.41484375 0.090625 0.12890625
0 0.5 0.43125 0.04375 0.05859375
0 0.57734375 0.43125 0.0484375 0.05859375
0 0.725 0.44296875 0.05 0.06484375
0 0.60234375 0.47265625 0.0546875 0.07109375
0 0.51171875 0.47890625 0.0484375 0.06640625
1 0.65859375 0.51875 0.0828125 0.14609375
0 0.55078125 0.52890625 0.0671875 0.10859375
0 0.71171875 0.65234375 0.1046875 0.1375
0 0.225 0.778125 0.128125 0.15625
1 0.8796875 0.85859375 0.171875 0.26640625