3 0.5359375 0.34765625 0.05625 0.1125
0 0.38203125 0.35390625 0.0328125 0.04140625
2 0.6390625 0.37265625 0.0625 0.08359375
0 0.59140625 0.37890625 0.0359375 0.04609375
1 0.2921875 0.409375 0.059375 0.07734375
0 0.48984375 0.41015625 0.0390625 0.04609375
1 0.69609375 0.43046875 0.0828125 0.09375
0 0.50078125 0.44765625 0.0484375 0.05390625
1 0.63515625 0.471875 0.0828125 0.12734375
0 0.334375 0.50859375 0.059375 0.0625
0 0.52578125 0.54609375 0.0703125 0.0875
3 0.77734375 0.68359375 0.2640625 0.39140625
0 0.58359375 0.70859375 0.0984375 0.175