3 0.2875 0.33828125 0.053125 0.09765625
0 0.35078125 0.346875 0.0234375 0.03515625
0 0.3875 0.35703125 0.025 0.03125
3 0.309375 0.37578125 0.0625 0.09375
0 0.48984375 0.39140625 0.0328125 0.04609375
0 0.37109375 0.396875 0.0359375 0.04765625
0 0.35859375 0.44609375 0.0484375 0.05390625
0 0.259375 0.46953125 0.053125 0.06484375
1 0.69609375 0.471875 0.0609375 0.10625
3 0.63671875 0.47265625 0.1140625 0.2125
1 0.13203125 0.49140625 0.0921875 0.125
2 0.546875 0.525 0.121875 0.22890625
1 0.78984375 0.54453125 0.1046875 0.16015625
1 0.05 0.57265625 0.1 0.2
0 0.315625 0.57734375 0.071875 0.1
1 0.15390625 0.63203125 0.0859375 0.11875
0 0.26875 0.759375 0.11875 0.14765625
0 0.6359375 0.78359375 0.13125 0.22109375