2 0.3359375 0.35078125 0.03125 0.05625
0 0.37421875 0.384375 0.0328125 0.03984375
3 0.64296875 0.39453125 0.0828125 0.09375
1 0.55 0.40703125 0.028125 0.07265625
0 0.70859375 0.421875 0.0484375 0.06875
0 0.496875 0.425 0.040625 0.05390625
1 0.596875 0.43203125 0.071875 0.13515625
0 0.51015625 0.47265625 0.0484375 0.06640625
1 0.6546875 0.51953125 0.090625 0.16484375
3 0.82265625 0.59453125 0.2078125 0.18515625
0 0.57265625 0.64609375 0.0890625 0.13359375
0 0.8 0.83828125 0.165625 0.21875
0 0.22421875 0.884375 0.1390625 0.18515625