3 0.496875 0.30546875 0.03125 0.05234375
1 0.534375 0.309375 0.034375 0.04765625
0 0.47265625 0.33359375 0.0328125 0.03359375
1 0.31484375 0.33671875 0.0453125 0.05625
1 0.35234375 0.33828125 0.0390625 0.05234375
0 0.3796875 0.35625 0.025 0.025
1 0.28046875 0.359375 0.0515625 0.05625
0 0.47265625 0.37421875 0.0203125 0.04375
0 0.375 0.39609375 0.03125 0.04140625
1 0.24765625 0.39765625 0.0484375 0.05390625
1 0.640625 0.39921875 0.075 0.10625
0 0.503125 0.4125 0.034375 0.07109375
0 0.57109375 0.415625 0.0484375 0.07265625
0 0.3 0.42109375 0.040625 0.05
0 0.35703125 0.46875 0.0484375 0.07109375
0 0.5984375 0.490625 0.0875 0.10234375
0 0.2390625 0.515625 0.0625 0.10625
0 0.3171875 0.553125 0.071875 0.10234375
0 0.67109375 0.55390625 0.0671875 0.10390625
1 0.12421875 0.603125 0.1515625 0.23125
0 0.76953125 0.75703125 0.1296875 0.19375
0 0.25546875 0.83515625 0.1640625 0.18359375
0 0.6625 0.903125 0.15 0.19375
0 0.9390625 0.91640625 0.121875 0.16640625