0 0.384375 0.35 0.040625 0.04609375
3 0.6609375 0.40234375 0.078125 0.12890625
3 0.60078125 0.44453125 0.1015625 0.16015625
1 0.1671875 0.48359375 0.096875 0.10859375
0 0.50390625 0.49609375 0.0734375 0.08359375
1 0.72578125 0.496875 0.1046875 0.11875
0 0.32265625 0.53671875 0.0765625 0.09375
0 0.5296875 0.56015625 0.08125 0.1
1 0.8640625 0.60078125 0.1375 0.18515625
0 0.15859375 0.65859375 0.1359375 0.15390625
0 0.56015625 0.66640625 0.1015625 0.1375
0 0.60234375 0.76953125 0.1265625 0.16015625
0 0.8046875 0.778125 0.140625 0.18125
0 0.665625 0.9203125 0.178125 0.159375