0 0.37890625 0.36328125 0.0328125 0.03984375
0 0.61640625 0.378125 0.0390625 0.03984375
0 0.328125 0.384375 0.040625 0.04375
1 0.5546875 0.38671875 0.046875 0.07265625
0 0.49453125 0.39765625 0.0359375 0.03359375
0 0.36171875 0.41171875 0.0390625 0.05625
0 0.48984375 0.41640625 0.0328125 0.04140625
0 0.63984375 0.41640625 0.0609375 0.05
0 0.29296875 0.41953125 0.0453125 0.04765625
0 0.57265625 0.421875 0.0390625 0.04765625
0 0.4984375 0.42890625 0.0375 0.03359375
1 0.17265625 0.4375 0.0953125 0.12890625
0 0.50703125 0.46640625 0.0453125 0.07109375
0 0.24921875 0.48515625 0.0546875 0.0625
1 0.76015625 0.49609375 0.1421875 0.16640625
0 0.52734375 0.55390625 0.0671875 0.09609375
0 0.66328125 0.56796875 0.0859375 0.11484375
1 0.859375 0.63203125 0.10625 0.13515625
0 0.575 0.66328125 0.096875 0.11875
0 0.95859375 0.79296875 0.0828125 0.16484375
0 0.85234375 0.846875 0.1609375 0.21484375
0 0.69140625 0.903125 0.1546875 0.19375
0 0.18828125 0.915625 0.1609375 0.16875