0 0.38515625 0.365625 0.0359375 0.05625
0 0.321875 0.38046875 0.034375 0.04375
1 0.61953125 0.39375 0.0421875 0.075
0 0.36484375 0.421875 0.0390625 0.04765625
3 0.1859375 0.42265625 0.11875 0.1625
0 0.50546875 0.42421875 0.0453125 0.06484375
0 0.28359375 0.44765625 0.0453125 0.0625
0 0.35 0.48828125 0.05 0.06875
0 0.62421875 0.55546875 0.0671875 0.09765625
3 0.1421875 0.58671875 0.171875 0.23984375
0 0.27890625 0.64453125 0.0953125 0.12734375
1 0.7625 0.64453125 0.153125 0.29765625
1 0.90859375 0.65546875 0.1234375 0.16484375
2 0.5875 0.72265625 0.1 0.1875
1 0.9046875 0.840625 0.190625 0.30234375