0 0.4796875 0.37421875 0.034375 0.03984375
1 0.55234375 0.38359375 0.0484375 0.09140625
0 0.48828125 0.40703125 0.0421875 0.05625
3 0.63828125 0.41640625 0.0890625 0.09609375
1 0.27578125 0.42109375 0.0671875 0.10390625
0 0.51875 0.42734375 0.040625 0.05
0 0.1828125 0.4625 0.059375 0.06640625
2 0.51328125 0.48359375 0.0640625 0.1125
0 0.78359375 0.49375 0.0703125 0.075
0 0.87734375 0.56328125 0.0921875 0.11015625
1 0.66953125 0.56484375 0.1140625 0.16640625
1 0.80078125 0.58515625 0.1265625 0.1625
0 0.55546875 0.6 0.0828125 0.12109375
0 0.8140625 0.77890625 0.146875 0.19609375
0 0.21953125 0.86875 0.1390625 0.175
0 0.6390625 0.88125 0.140625 0.2375