1 0.33828125 0.3 0.0328125 0.04609375
0 0.4671875 0.328125 0.021875 0.02265625
3 0.52421875 0.33046875 0.0453125 0.07734375
1 0.58125 0.34921875 0.04375 0.06015625
0 0.4703125 0.35234375 0.028125 0.0375
0 0.37421875 0.37734375 0.0359375 0.04609375
0 0.48828125 0.38828125 0.0390625 0.04375
3 0.5734375 0.41171875 0.071875 0.10234375
0 0.49609375 0.42265625 0.0421875 0.05390625
0 0.51328125 0.46328125 0.0484375 0.05625
0 0.5125 0.50234375 0.065625 0.075
0 0.5375 0.5375 0.06875 0.08359375
0 0.775 0.56953125 0.090625 0.11015625
0 0.5515625 0.609375 0.075 0.10625
0 0.8921875 0.65546875 0.11875 0.12734375
0 0.584375 0.72890625 0.1 0.1625
0 0.7984375 0.76015625 0.125 0.125
0 0.66015625 0.9109375 0.1578125 0.178125