1 0.5453125 0.35859375 0.04375 0.08359375
1 0.30546875 0.384375 0.0453125 0.07265625
0 0.484375 0.39375 0.034375 0.04140625
0 0.3671875 0.421875 0.04375 0.04375
3 0.68515625 0.42734375 0.0828125 0.15
3 0.1625 0.42890625 0.13125 0.17890625
0 0.49609375 0.43671875 0.0421875 0.06015625
3 0.62421875 0.45390625 0.1265625 0.175
0 0.26328125 0.459375 0.0484375 0.05625
0 0.3421875 0.48203125 0.053125 0.06875
0 0.52109375 0.50234375 0.0578125 0.08359375
1 0.1453125 0.57734375 0.090625 0.10390625
0 0.61171875 0.83671875 0.1234375 0.20234375
2 0.22578125 0.84140625 0.1671875 0.25
0 0.04765625 0.84140625 0.0953125 0.14140625