3 0.31953125 0.35 0.0546875 0.09609375
2 0.60703125 0.36484375 0.0640625 0.1
1 0.22734375 0.38046875 0.0796875 0.11015625
1 0.54921875 0.3875 0.0453125 0.08359375
0 0.496875 0.41796875 0.04375 0.06484375
1 0.67265625 0.44375 0.0609375 0.09609375
0 0.59375 0.45078125 0.053125 0.06875
0 0.51484375 0.51015625 0.0609375 0.09140625
0 0.7375 0.53359375 0.078125 0.10859375
0 0.6359375 0.54296875 0.071875 0.09375
1 0.0875 0.55 0.109375 0.11640625
0 0.8609375 0.55625 0.075 0.09140625
1 0.16640625 0.628125 0.1046875 0.12734375
1 0.91796875 0.65703125 0.1640625 0.25625
0 0.61484375 0.73359375 0.1265625 0.175