0 0.31171875 0.32578125 0.0265625 0.03515625
0 0.39296875 0.33046875 0.0265625 0.02734375
1 0.34921875 0.334375 0.0296875 0.04765625
3 0.621875 0.36640625 0.071875 0.11640625
3 0.559375 0.37421875 0.06875 0.11875
2 0.50234375 0.40234375 0.0671875 0.12109375
0 0.68359375 0.40234375 0.0453125 0.05
0 0.36640625 0.41328125 0.0421875 0.04765625
1 0.28828125 0.42265625 0.0640625 0.06640625
3 0.16875 0.45546875 0.10625 0.13515625
0 0.68515625 0.46875 0.0578125 0.0875
1 0.240625 0.49921875 0.084375 0.11484375
1 0.78359375 0.515625 0.0921875 0.09765625
0 0.34140625 0.53828125 0.0609375 0.06484375
1 0.11640625 0.60078125 0.1515625 0.15625
0 0.57578125 0.68984375 0.0984375 0.13359375
3 0.85703125 0.78125 0.2859375 0.4375