1 0.53671875 0.31015625 0.0265625 0.05
0 0.4609375 0.31875 0.025 0.03359375
3 0.5078125 0.31953125 0.05 0.06875
1 0.5625 0.34453125 0.040625 0.08125
0 0.5046875 0.35 0.03125 0.04609375
0 0.38828125 0.37265625 0.0546875 0.0375
1 0.30625 0.375 0.05625 0.08359375
0 0.48984375 0.38671875 0.0390625 0.05625
0 0.3703125 0.40859375 0.071875 0.05859375
1 0.28125 0.41328125 0.06875 0.09765625
0 0.5015625 0.45234375 0.065625 0.05859375
0 0.35859375 0.46640625 0.0671875 0.0875
0 0.521875 0.52734375 0.078125 0.09609375
1 0.8453125 0.57578125 0.14375 0.20234375
0 0.934375 0.59375 0.08125 0.14140625
0 0.73046875 0.6375 0.1140625 0.16640625
0 0.58203125 0.64296875 0.1078125 0.18125
0 0.284375 0.653125 0.1125 0.16015625
0 0.92890625 0.93515625 0.1421875 0.12890625