1 0.25859375 0.34453125 0.0671875 0.06875
0 0.38125 0.38671875 0.034375 0.03984375
1 0.259375 0.41640625 0.096875 0.15
3 0.17578125 0.41953125 0.0828125 0.11015625
0 0.58203125 0.43046875 0.0453125 0.06015625
0 0.5109375 0.47265625 0.053125 0.075
1 0.7265625 0.509375 0.090625 0.13125
0 0.625 0.53125 0.065625 0.07890625
1 0.13671875 0.55625 0.1921875 0.27109375
0 0.54921875 0.56484375 0.0703125 0.10859375
1 0.7125 0.625 0.125 0.17109375
0 0.25546875 0.79375 0.1203125 0.17109375
0 0.64140625 0.884375 0.1578125 0.23125