0 0.36171875 0.315625 0.0265625 0.03125
2 0.4640625 0.32109375 0.034375 0.0625
0 0.39453125 0.32421875 0.0265625 0.03125
3 0.57890625 0.33046875 0.0453125 0.04375
3 0.51953125 0.33359375 0.0453125 0.075
0 0.33359375 0.35078125 0.0265625 0.03515625
0 0.38515625 0.35390625 0.0265625 0.04140625
2 0.534375 0.35859375 0.0625 0.0875
0 0.4734375 0.36328125 0.028125 0.03125
3 0.6625 0.3875 0.1 0.1125
0 0.48125 0.39296875 0.0375 0.04375
0 0.490625 0.43515625 0.05 0.0625
2 0.58515625 0.43515625 0.0828125 0.15859375
0 0.509375 0.45234375 0.04375 0.0375
0 0.25234375 0.475 0.0578125 0.07109375
0 0.71640625 0.490625 0.0359375 0.06484375
3 0.65546875 0.5 0.1234375 0.22890625
0 0.51484375 0.50625 0.0640625 0.0875
0 0.32421875 0.52421875 0.0609375 0.07265625
0 0.7609375 0.52578125 0.065625 0.07265625
0 0.5515625 0.57265625 0.096875 0.12109375
0 0.79765625 0.578125 0.0703125 0.09765625
0 0.86796875 0.6375 0.1109375 0.1375
0 0.72109375 0.65625 0.1046875 0.15
0 0.5671875 0.68515625 0.10625 0.15
0 0.95703125 0.765625 0.0859375 0.13984375
0 0.63828125 0.903125 0.1453125 0.19375
0 0.2 0.91015625 0.159375 0.17890625