0 0.4015625 0.30390625 0.021875 0.025
3 0.57265625 0.31015625 0.0578125 0.06640625
1 0.325 0.3125 0.03125 0.05
0 0.365625 0.31875 0.034375 0.04140625
1 0.515625 0.33984375 0.053125 0.06640625
0 0.475 0.34296875 0.034375 0.03125
0 0.4734375 0.36875 0.034375 0.0375
0 0.375 0.38125 0.04375 0.05390625
0 0.48125 0.38828125 0.040625 0.05625
3 0.578125 0.4 0.09375 0.1625
0 0.62890625 0.42265625 0.0484375 0.07109375
2 0.69765625 0.43828125 0.1109375 0.18125
0 0.503125 0.45703125 0.05 0.06875
0 0.5375 0.55234375 0.08125 0.10859375
1 0.85 0.58359375 0.19375 0.20390625
0 0.5953125 0.725 0.11875 0.17890625
0 0.82578125 0.790625 0.1546875 0.18515625
0 0.2078125 0.81640625 0.146875 0.175