1 0.27109375 0.36328125 0.0390625 0.06015625
1 0.55390625 0.390625 0.0515625 0.07734375
0 0.37265625 0.39140625 0.0390625 0.04140625
3 0.28046875 0.42578125 0.0828125 0.13125
1 0.6640625 0.43359375 0.06875 0.10859375
0 0.50625 0.43671875 0.04375 0.06484375
0 0.5984375 0.475 0.05 0.06640625
3 0.78046875 0.50390625 0.1703125 0.23359375
1 0.64921875 0.53515625 0.0859375 0.15
0 0.53203125 0.57109375 0.0671875 0.09140625
1 0.8125 0.74453125 0.184375 0.29765625
0 0.62109375 0.79765625 0.1359375 0.20859375