0 0.4015625 0.3125 0.028125 0.0375
0 0.3625 0.31875 0.03125 0.02890625
1 0.309375 0.32734375 0.05625 0.0875
0 0.3875 0.34140625 0.040625 0.05
3 0.540625 0.36328125 0.065625 0.10234375
0 0.36171875 0.42109375 0.0546875 0.07890625
0 0.646875 0.42265625 0.046875 0.0625
1 0.5859375 0.44140625 0.084375 0.125
0 0.68984375 0.45546875 0.0578125 0.08125
0 0.5234375 0.50546875 0.06875 0.08515625
0 0.63359375 0.52578125 0.0734375 0.10625
0 0.79921875 0.5375 0.0734375 0.09609375
0 0.54140625 0.58046875 0.0859375 0.12734375
3 0.9046875 0.67109375 0.190625 0.35390625
0 0.2609375 0.7125 0.140625 0.19609375
0 0.57578125 0.73828125 0.1203125 0.19765625
0 0.859375 0.87890625 0.2 0.24140625
0 0.36328125 0.88359375 0.0015625 0.0125