1 0.28359375 0.34921875 0.0421875 0.06015625
0 0.3703125 0.371875 0.034375 0.04375
3 0.54765625 0.37890625 0.0671875 0.10390625
0 0.59921875 0.38359375 0.0390625 0.05390625
1 0.62890625 0.41015625 0.0484375 0.0625
0 0.490625 0.41171875 0.0375 0.04765625
0 0.58515625 0.45625 0.0515625 0.0625
0 0.66953125 0.46015625 0.0609375 0.07109375
0 0.5265625 0.49765625 0.059375 0.08359375
1 0.75546875 0.51875 0.0953125 0.1375
1 0.08515625 0.53515625 0.1046875 0.13359375
0 0.30078125 0.59609375 0.0859375 0.09140625
0 0.690625 0.6125 0.1 0.125
0 0.5515625 0.615625 0.08125 0.10625
0 0.66484375 0.878125 0.1703125 0.24375