1 0.31640625 0.35703125 0.0453125 0.06875
3 0.590625 0.36015625 0.0625 0.0875
1 0.54375 0.36640625 0.046875 0.09140625
0 0.25703125 0.38984375 0.0390625 0.05
0 0.48671875 0.39140625 0.0359375 0.04609375
1 0.56953125 0.40625 0.0515625 0.1
0 0.503125 0.440625 0.04375 0.06015625
3 0.66953125 0.45234375 0.1140625 0.09609375
0 0.34140625 0.46796875 0.0515625 0.06484375
0 0.53671875 0.471875 0.0546875 0.06484375
2 0.53515625 0.55625 0.0828125 0.14140625
2 0.1484375 0.6 0.121875 0.17109375
0 0.95703125 0.634375 0.0859375 0.12734375
1 0.88828125 0.68203125 0.1578125 0.21015625
1 0.7703125 0.709375 0.16875 0.26484375
0 0.60859375 0.74375 0.1265625 0.18359375