1 0.26640625 0.36015625 0.0390625 0.05859375
0 0.3890625 0.36796875 0.028125 0.03984375
1 0.24296875 0.384375 0.0484375 0.06875
0 0.67890625 0.403125 0.0421875 0.04375
0 0.61875 0.40859375 0.040625 0.05
0 0.56875 0.41328125 0.040625 0.06484375
1 0.265625 0.43046875 0.059375 0.09375
0 0.67734375 0.45546875 0.0609375 0.06875
0 0.35625 0.45703125 0.046875 0.06015625
0 0.16796875 0.46328125 0.0546875 0.07734375
1 0.21953125 0.49296875 0.0796875 0.13984375
0 0.51875 0.51015625 0.059375 0.08359375
0 0.325 0.553125 0.0625 0.07265625
0 0.66640625 0.59375 0.0796875 0.1
3 0.85 0.61796875 0.215625 0.21484375
0 0.06796875 0.63125 0.1078125 0.12109375
0 0.57109375 0.65546875 0.0890625 0.12265625
0 0.2828125 0.66640625 0.1 0.1125
0 0.83046875 0.80078125 0.1390625 0.16015625
0 0.20078125 0.90078125 0.1640625 0.19765625