0 0.38515625 0.34765625 0.0328125 0.04140625
3 0.5359375 0.34765625 0.05625 0.1125
2 0.6390625 0.37265625 0.0625 0.08359375
0 0.59140625 0.37890625 0.0359375 0.04609375
1 0.3 0.409375 0.059375 0.07734375
0 0.49140625 0.41015625 0.0390625 0.04609375
1 0.69609375 0.43046875 0.0828125 0.09375
0 0.50078125 0.45859375 0.0484375 0.05390625
1 0.64375 0.47421875 0.096875 0.13515625
0 0.340625 0.48359375 0.053125 0.0625
0 0.52578125 0.54609375 0.0703125 0.0875
3 0.8015625 0.70546875 0.28125 0.42265625
0 0.5890625 0.73359375 0.103125 0.19140625