0 0.47578125 0.35703125 0.0359375 0.03125
2 0.54375 0.36953125 0.05625 0.08984375
0 0.4796875 0.38359375 0.03125 0.0375
0 0.3046875 0.39296875 0.0375 0.04375
0 0.49296875 0.40703125 0.0390625 0.03125
0 0.54609375 0.41953125 0.0234375 0.05234375
2 0.59453125 0.440625 0.0953125 0.16484375
0 0.49921875 0.44765625 0.0515625 0.05390625
0 0.51328125 0.48671875 0.0609375 0.06015625
0 0.52421875 0.53046875 0.0671875 0.08125
3 0.6875 0.53671875 0.15 0.24765625
0 0.7828125 0.54609375 0.059375 0.1
0 0.54140625 0.58125 0.0796875 0.1
0 0.8421875 0.62734375 0.1 0.125
0 0.58828125 0.690625 0.1140625 0.18984375
0 0.23125 0.840625 0.128125 0.16015625
0 0.90078125 0.89375 0.1890625 0.2125
0 0.65546875 0.9015625 0.1453125 0.196875