0 0.36640625 0.42578125 0.0515625 0.07265625
0 0.5828125 0.43984375 0.053125 0.0625
0 0.2828125 0.44375 0.046875 0.05390625
1 0.62890625 0.46796875 0.0859375 0.15625
0 0.51640625 0.48515625 0.0546875 0.09609375
1 0.75234375 0.51015625 0.0765625 0.1
3 0.08203125 0.54296875 0.1640625 0.27265625
1 0.6796875 0.54453125 0.096875 0.14375
0 0.3359375 0.54921875 0.06875 0.07734375
0 0.20390625 0.58203125 0.0765625 0.09765625
0 0.5546875 0.61875 0.078125 0.11640625
0 0.2765625 0.72109375 0.1 0.13359375
0 0.625 0.86328125 0.140625 0.23984375