0 0.390625 0.34609375 0.025 0.0375
1 0.27890625 0.353125 0.0515625 0.07734375
0 0.3328125 0.36171875 0.040625 0.05625
3 0.52890625 0.36875 0.0546875 0.07890625
0 0.596875 0.37578125 0.040625 0.06484375
0 0.48359375 0.3875 0.0515625 0.06640625
0 0.37734375 0.390625 0.0390625 0.05234375
0 0.65859375 0.39921875 0.0484375 0.04765625
0 0.28359375 0.43671875 0.0609375 0.08515625
0 0.5765625 0.446875 0.053125 0.06484375
0 0.20234375 0.459375 0.0765625 0.11015625
0 0.68203125 0.46640625 0.0640625 0.075
2 0.784375 0.48203125 0.08125 0.10625
0 0.334375 0.49296875 0.0625 0.07734375
1 0.95 0.578125 0.1 0.13515625
3 0.19453125 0.59609375 0.1109375 0.12890625
0 0.56328125 0.60703125 0.0703125 0.11484375
1 0.72890625 0.62109375 0.1171875 0.17890625
3 0.915625 0.815625 0.16875 0.36875
0 0.20703125 0.82109375 0.1828125 0.21640625