1 0.28203125 0.35234375 0.0546875 0.06640625
0 0.3875 0.35859375 0.034375 0.05390625
0 0.34296875 0.36953125 0.0421875 0.05625
3 0.6890625 0.43984375 0.121875 0.1625
0 0.60078125 0.45234375 0.0578125 0.075
0 0.353125 0.45546875 0.06875 0.08515625
1 0.2484375 0.45703125 0.090625 0.13984375
0 0.515625 0.49921875 0.0625 0.08125
0 0.72265625 0.51015625 0.0734375 0.09609375
0 0.615625 0.5125 0.065625 0.1
0 0.33125 0.53125 0.075 0.1
0 0.5375 0.54765625 0.075 0.10859375
0 0.78125 0.57109375 0.1 0.0875
1 0.66484375 0.57890625 0.1015625 0.18359375
0 0.59453125 0.6375 0.1015625 0.13359375
3 0.90625 0.64140625 0.1875 0.42109375
1 0.5484375 0.69140625 0.109375 0.21640625
1 0.81171875 0.74140625 0.2171875 0.37109375
0 0.0625 0.86328125 0.125 0.27265625