1 0.36875 0.40078125 0.040625 0.05234375
1 0.3015625 0.403125 0.04375 0.05234375
1 0.24296875 0.41796875 0.0484375 0.05625
0 0.63671875 0.42265625 0.0484375 0.05390625
0 0.584375 0.44609375 0.046875 0.05859375
1 0.70078125 0.459375 0.0765625 0.11875
0 0.5125 0.46953125 0.05 0.07734375
0 0.6125 0.475 0.05625 0.07890625
1 0.6734375 0.56640625 0.103125 0.1625
1 0.79453125 0.57421875 0.1046875 0.12265625
0 0.57734375 0.653125 0.0953125 0.14765625
0 0.2375 0.8 0.128125 0.18359375
1 0.8953125 0.86875 0.209375 0.2625