3 0.27421875 0.34609375 0.0609375 0.075
1 0.340625 0.353125 0.04375 0.05234375
0 0.3859375 0.36328125 0.034375 0.03515625
0 0.371875 0.40234375 0.03125 0.06640625
1 0.28671875 0.41953125 0.0921875 0.11875
0 0.49296875 0.44921875 0.0546875 0.06484375
0 0.68828125 0.465625 0.0453125 0.06484375
3 0.62109375 0.46953125 0.1328125 0.22734375
0 0.5203125 0.47109375 0.046875 0.04140625
3 0.77890625 0.49140625 0.1421875 0.20390625
1 0.190625 0.51328125 0.115625 0.14765625
0 0.52734375 0.51953125 0.0859375 0.07265625
0 0.546875 0.60390625 0.08125 0.125
0 0.93984375 0.64375 0.1203125 0.1375
3 0.771875 0.66171875 0.259375 0.34375
0 0.59921875 0.77421875 0.1265625 0.21484375
3 0.90078125 0.815625 0.1984375 0.36875
0 0.2296875 0.84609375 0.159375 0.21640625
0 0.64296875 0.9734375 0.1671875 0.053125