1 0.53515625 0.35859375 0.0390625 0.06640625
0 0.47734375 0.37890625 0.0328125 0.04609375
3 0.6125 0.38515625 0.071875 0.07890625
0 0.503125 0.390625 0.034375 0.03515625
0 0.68046875 0.41015625 0.0484375 0.05859375
2 0.49453125 0.42890625 0.0453125 0.09140625
0 0.7234375 0.43828125 0.053125 0.05625
1 0.6046875 0.46953125 0.078125 0.11875
0 0.51953125 0.49921875 0.0671875 0.08984375
1 0.72265625 0.50546875 0.0859375 0.11875
0 0.6765625 0.59140625 0.084375 0.1125
1 0.83515625 0.59609375 0.1046875 0.12890625
0 0.55546875 0.62578125 0.0953125 0.13125
1 0.10390625 0.68046875 0.1671875 0.23984375