3 0.50546875 0.31796875 0.0328125 0.05625
0 0.390625 0.3375 0.028125 0.0375
3 0.28046875 0.34453125 0.0578125 0.05625
0 0.47421875 0.359375 0.0328125 0.03984375
1 0.5375 0.359375 0.04375 0.08125
0 0.37578125 0.3625 0.0296875 0.03359375
2 0.3140625 0.37265625 0.065625 0.09609375
1 0.596875 0.37421875 0.05 0.07734375
1 0.2328125 0.39140625 0.053125 0.075
1 0.3609375 0.42890625 0.053125 0.07109375
0 0.6625 0.553125 0.075 0.10625
0 0.565625 0.55546875 0.071875 0.11015625
0 0.1890625 0.55703125 0.078125 0.09375
0 0.3078125 0.59375 0.06875 0.0875