0 0.47421875 0.33984375 0.0328125 0.025
3 0.54140625 0.35234375 0.0671875 0.0875
0 0.38984375 0.36484375 0.0265625 0.04609375
0 0.27734375 0.371875 0.0265625 0.02734375
0 0.484375 0.38125 0.040625 0.05390625
0 0.2609375 0.396875 0.034375 0.02734375
0 0.2109375 0.42734375 0.03125 0.02109375
1 0.2765625 0.43671875 0.05 0.05625
0 0.3609375 0.44609375 0.040625 0.05
1 0.625 0.47734375 0.075 0.15
3 0.20625 0.51328125 0.121875 0.15625
3 0.78515625 0.53515625 0.1609375 0.23359375
0 0.31484375 0.57265625 0.0890625 0.12109375
0 0.0765625 0.575 0.0875 0.1
0 0.22734375 0.87109375 0.1578125 0.19609375
0 0.871875 0.93125 0.14375 0.12890625