0 0.38828125 0.359375 0.0296875 0.03984375
1 0.3046875 0.36328125 0.065625 0.09765625
0 0.540625 0.37421875 0.03125 0.04765625
1 0.25078125 0.378125 0.0453125 0.05234375
0 0.6203125 0.403125 0.04375 0.05234375
1 0.21796875 0.409375 0.0515625 0.08125
0 0.496875 0.43046875 0.04375 0.05625
1 0.1609375 0.45234375 0.08125 0.09140625
0 0.59375 0.46953125 0.05 0.06015625
1 0.709375 0.47109375 0.125 0.1375
0 0.35703125 0.47578125 0.0484375 0.06875
0 0.51953125 0.49375 0.0546875 0.07109375
0 0.66796875 0.56484375 0.0734375 0.0875
1 0.146875 0.58828125 0.13125 0.19765625
0 0.7671875 0.684375 0.11875 0.14765625
0 0.26875 0.746875 0.109375 0.14765625