1 0.32734375 0.35625 0.0421875 0.05390625
1 0.2734375 0.36796875 0.040625 0.05234375
0 0.3828125 0.38125 0.0375 0.04609375
0 0.49296875 0.38125 0.0328125 0.04140625
0 0.3171875 0.40078125 0.040625 0.04375
0 0.225 0.41796875 0.040625 0.02734375
0 0.50390625 0.41953125 0.0421875 0.06015625
0 0.3578125 0.440625 0.046875 0.05234375
0 0.51796875 0.48828125 0.0578125 0.08125
3 0.21171875 0.496875 0.1296875 0.16484375
1 0.0921875 0.50546875 0.10625 0.13984375
0 0.32734375 0.521875 0.0609375 0.08125
3 0.70703125 0.553125 0.1703125 0.28984375