0 0.3796875 0.28984375 0.03125 0.02890625
1 0.3265625 0.30390625 0.046875 0.06640625
0 0.40078125 0.30703125 0.0421875 0.03125
0 0.39296875 0.334375 0.0421875 0.03984375
1 0.58671875 0.35234375 0.0453125 0.08359375
3 0.54296875 0.37265625 0.0828125 0.1125
0 0.3734375 0.39296875 0.046875 0.05234375
0 0.496875 0.41796875 0.053125 0.05625
0 0.69921875 0.46875 0.0609375 0.08359375
0 0.503125 0.46953125 0.05 0.07734375
1 0.63359375 0.49765625 0.1015625 0.15390625
0 0.7796875 0.52578125 0.075 0.10234375
0 0.5546875 0.58046875 0.090625 0.11015625
0 0.7203125 0.64375 0.115625 0.15
0 0.59296875 0.73359375 0.1140625 0.16640625
0 0.6515625 0.95 0.159375 0.1