0 0.3734375 0.36171875 0.034375 0.03515625
1 0.5359375 0.36640625 0.05625 0.07109375
1 0.26328125 0.37109375 0.0546875 0.06640625
0 0.48515625 0.375 0.0390625 0.05
0 0.31015625 0.41640625 0.0484375 0.05859375
0 0.56953125 0.434375 0.0390625 0.06015625
0 0.50234375 0.45390625 0.0515625 0.06640625
3 0.66875 0.51328125 0.1625 0.28515625
0 0.7296875 0.52578125 0.065625 0.08515625
2 0.878125 0.615625 0.221875 0.27734375
0 0.55078125 0.634375 0.0765625 0.10625
0 0.0578125 0.78984375 0.115625 0.175
0 0.66875 0.91953125 0.171875 0.16015625