3 0.5359375 0.35 0.0625 0.1125
0 0.37734375 0.37109375 0.0328125 0.04140625
0 0.58671875 0.371875 0.0421875 0.03515625
2 0.6390625 0.37265625 0.0625 0.08359375
0 0.48984375 0.41015625 0.0390625 0.04609375
1 0.68125 0.42890625 0.084375 0.0875
1 0.2796875 0.434375 0.059375 0.07734375
0 0.50078125 0.44765625 0.0484375 0.05390625
1 0.615625 0.45546875 0.075 0.11015625
0 0.51875 0.52890625 0.05625 0.07890625
0 0.31328125 0.575 0.0765625 0.08359375
3 0.75390625 0.64140625 0.2421875 0.35
0 0.57265625 0.67109375 0.0921875 0.15390625