1 0.38671875 0.36171875 0.0390625 0.04765625
1 0.31171875 0.36796875 0.0546875 0.06875
0 0.3734375 0.41171875 0.04375 0.06015625
0 0.3 0.41328125 0.040625 0.05625
3 0.22265625 0.41484375 0.0984375 0.1125
3 0.76171875 0.490625 0.1265625 0.14765625
1 0.66796875 0.546875 0.1140625 0.19765625
0 0.5109375 0.571875 0.08125 0.10625
3 0.93203125 0.57734375 0.1359375 0.1625
3 0.165625 0.58359375 0.2 0.2875
0 0.5578125 0.61640625 0.084375 0.09609375
0 0.3078125 0.621875 0.10625 0.11875
1 0.73125 0.62890625 0.046875 0.15859375
0 0.55703125 0.7125 0.1265625 0.15390625
3 0.85859375 0.72734375 0.2296875 0.3625
3 0.91328125 0.828125 0.1734375 0.34375
0 0.72734375 0.8640625 0.1984375 0.271875
0 0.609375 0.94453125 0.159375 0.11015625