3 0.52734375 0.34140625 0.0453125 0.07890625
0 0.47578125 0.37109375 0.0296875 0.04140625
2 0.56796875 0.39140625 0.0734375 0.1125
3 0.628125 0.39453125 0.05625 0.08984375
0 0.4859375 0.396875 0.040625 0.04765625
0 0.66796875 0.39921875 0.0328125 0.05234375
0 0.65703125 0.44140625 0.0484375 0.06640625
0 0.5 0.44921875 0.05625 0.07734375
1 0.246875 0.45703125 0.071875 0.08515625
0 0.51953125 0.49765625 0.0546875 0.08359375
3 0.78671875 0.50625 0.1671875 0.2375
1 0.11328125 0.51796875 0.0984375 0.13125
0 0.6390625 0.53828125 0.071875 0.09375
0 0.5375 0.58671875 0.075 0.13515625
0 0.590625 0.73515625 0.11875 0.1625
0 0.7734375 0.75703125 0.140625 0.18984375
0 0.24375 0.7875 0.125 0.175