1 0.35390625 0.28984375 0.0359375 0.04140625
0 0.384375 0.28984375 0.021875 0.0375
3 0.58125 0.31484375 0.06875 0.06640625
0 0.3640625 0.32734375 0.03125 0.0375
3 0.340625 0.34921875 0.040625 0.05625
3 0.5421875 0.36015625 0.05625 0.07890625
0 0.47578125 0.365625 0.0328125 0.03125
0 0.4828125 0.38203125 0.040625 0.02265625
0 0.384375 0.39140625 0.046875 0.0625
3 0.2109375 0.39609375 0.090625 0.14609375
0 0.49375 0.4 0.04375 0.02890625
3 0.29296875 0.42734375 0.0609375 0.10390625
0 0.50078125 0.43671875 0.0609375 0.06015625
3 0.609375 0.44140625 0.134375 0.1875
3 0.728125 0.44296875 0.140625 0.18984375
0 0.35078125 0.47109375 0.0640625 0.08359375
0 0.52578125 0.47109375 0.0703125 0.05859375
0 0.528125 0.51875 0.08125 0.1
0 0.85859375 0.553125 0.0953125 0.11015625
3 0.71640625 0.58359375 0.2078125 0.275
0 0.321875 0.58671875 0.09375 0.11015625
2 0.553125 0.59453125 0.1 0.12734375
3 0.11015625 0.64375 0.1859375 0.27109375
0 0.59453125 0.71796875 0.1296875 0.14375
3 0.86171875 0.76640625 0.2765625 0.46640625
0 0.62265625 0.8953125 0.1546875 0.209375