0 0.39296875 0.321875 0.0265625 0.03125
0 0.46484375 0.33125 0.0265625 0.0375
0 0.59453125 0.34921875 0.0296875 0.04375
0 0.3859375 0.35078125 0.034375 0.03984375
0 0.475 0.36875 0.040625 0.04609375
0 0.6296875 0.37265625 0.0375 0.05
3 0.54140625 0.37734375 0.0671875 0.09140625
1 0.2515625 0.39296875 0.04375 0.07265625
0 0.315625 0.39375 0.0375 0.05390625
0 0.6140625 0.40546875 0.040625 0.06015625
0 0.3609375 0.42578125 0.04375 0.06875
0 0.4984375 0.43515625 0.046875 0.07109375
0 0.7078125 0.43828125 0.0625 0.07734375
0 0.271875 0.46328125 0.05 0.06015625
0 0.603125 0.484375 0.0625 0.09375
0 0.75625 0.54609375 0.084375 0.1
0 0.30390625 0.559375 0.0796875 0.10234375
2 0.90234375 0.56953125 0.1265625 0.16484375
1 0.834375 0.759375 0.19375 0.26875
0 0.62890625 0.80703125 0.1328125 0.20234375