3 0.25859375 0.36484375 0.0828125 0.08359375
0 0.3828125 0.37265625 0.04375 0.05
3 0.675 0.415625 0.071875 0.14765625
3 0.6 0.42265625 0.075 0.15390625
0 0.35078125 0.45390625 0.0734375 0.1125
0 0.74296875 0.45390625 0.0640625 0.08359375
1 0.2578125 0.459375 0.103125 0.16015625
2 0.5265625 0.47421875 0.11875 0.19375
0 0.15390625 0.50625 0.1015625 0.11640625
0 0.7859375 0.56171875 0.1 0.16015625
0 0.8796875 0.5625 0.1 0.11640625
0 0.2921875 0.64765625 0.125 0.18359375
1 0.11796875 0.678125 0.1828125 0.24375
1 0.9640625 0.7125 0.071875 0.25859375
0 0.2015625 0.95703125 0.20625 0.08515625