2 0.63671875 0.39296875 0.0796875 0.11875
0 0.48671875 0.40703125 0.0421875 0.05234375
1 0.23359375 0.41015625 0.0546875 0.07109375
1 0.58046875 0.43203125 0.0578125 0.10625
1 0.27734375 0.44375 0.0515625 0.06640625
0 0.509375 0.45390625 0.05 0.075
0 0.30078125 0.496875 0.0671875 0.07265625
1 0.75 0.51484375 0.078125 0.12109375
0 0.63984375 0.52734375 0.0671875 0.0875
0 0.3109375 0.57109375 0.071875 0.09140625
0 0.5578125 0.63359375 0.090625 0.12890625
0 0.8640625 0.66015625 0.1125 0.15390625
0 0.7390625 0.721875 0.125 0.15625