0 0.3234375 0.38046875 0.0375 0.04375
2 0.634375 0.40078125 0.075 0.11875
0 0.49375 0.40546875 0.0375 0.03984375
0 0.5609375 0.40625 0.040625 0.04609375
0 0.5765625 0.43828125 0.03125 0.05234375
0 0.50234375 0.44765625 0.0421875 0.05390625
1 0.61796875 0.4625 0.0609375 0.10859375
0 0.53828125 0.490625 0.0578125 0.07734375
0 0.6515625 0.56015625 0.078125 0.1
0 0.92734375 0.62109375 0.1140625 0.12890625
1 0.76484375 0.68515625 0.1015625 0.16640625
0 0.90546875 0.69375 0.1109375 0.1
0 0.6234375 0.84453125 0.128125 0.22734375
1 0.890625 0.8484375 0.209375 0.303125