1 0.29765625 0.33671875 0.0359375 0.05625
0 0.38125 0.35859375 0.03125 0.0375
3 0.31484375 0.37578125 0.0671875 0.09375
1 0.56328125 0.40625 0.0515625 0.0875
0 0.48984375 0.41796875 0.0421875 0.06015625
0 0.6359375 0.434375 0.0375 0.04765625
1 0.68671875 0.45078125 0.0796875 0.13125
0 0.515625 0.4625 0.053125 0.075
0 0.6234375 0.50859375 0.06875 0.09609375
3 0.82265625 0.54765625 0.2015625 0.275
1 0.68515625 0.58359375 0.1078125 0.17890625
0 0.55234375 0.62109375 0.0765625 0.1125
0 0.24609375 0.765625 0.1109375 0.14375