2 0.4640625 0.33671875 0.04375 0.06484375
2 0.52578125 0.33671875 0.0515625 0.08125
0 0.46953125 0.359375 0.0265625 0.03125
0 0.32265625 0.37890625 0.0328125 0.04609375
2 0.56484375 0.38984375 0.0671875 0.10859375
1 0.628125 0.39375 0.0625 0.1
0 0.48046875 0.39453125 0.0328125 0.04375
0 0.36171875 0.41328125 0.0421875 0.06015625
0 0.49765625 0.43828125 0.0421875 0.06484375
1 0.25625 0.446875 0.06875 0.08515625
0 0.66171875 0.44921875 0.0453125 0.06015625
0 0.51640625 0.49140625 0.0421875 0.07109375
1 0.1390625 0.5 0.096875 0.13359375
3 0.79609375 0.50859375 0.1703125 0.21640625
0 0.64375 0.55234375 0.071875 0.1125
0 0.53828125 0.603125 0.0828125 0.13984375
0 0.26875 0.721875 0.103125 0.16015625
0 0.60625 0.7625 0.11875 0.175
0 0.79609375 0.79140625 0.1546875 0.20390625