0 0.403125 0.3125 0.01875 0.02890625
0 0.49921875 0.325 0.0171875 0.02890625
0 0.4671875 0.32578125 0.021875 0.01875
3 0.33828125 0.34375 0.0453125 0.075
0 0.29609375 0.346875 0.0234375 0.05234375
0 0.38984375 0.353125 0.0234375 0.03984375
0 0.5171875 0.35546875 0.009375 0.04375
0 0.47109375 0.36640625 0.0328125 0.0375
3 0.565625 0.37109375 0.0625 0.09609375
0 0.38125 0.37421875 0.028125 0.03125
0 0.2625 0.375 0.03125 0.05390625
0 0.49453125 0.40703125 0.0359375 0.06015625
0 0.21328125 0.4125 0.0265625 0.06640625
0 0.375 0.415625 0.028125 0.06015625
3 0.26328125 0.44296875 0.0703125 0.15234375
3 0.1453125 0.44375 0.1 0.20390625
3 0.6125 0.45546875 0.1125 0.16015625
0 0.346875 0.46640625 0.0375 0.07109375
0 0.52890625 0.54609375 0.0609375 0.1
1 0.796875 0.59765625 0.13125 0.20390625
0 0.1625 0.96875 0.165625 0.0625