0 0.48046875 0.37734375 0.0359375 0.0375
1 0.55625 0.38515625 0.046875 0.08359375
0 0.490625 0.40859375 0.0375 0.05390625
1 0.284375 0.41328125 0.0625 0.09765625
3 0.64921875 0.421875 0.0890625 0.09765625
0 0.51796875 0.43359375 0.0421875 0.04609375
0 0.19375 0.45234375 0.05625 0.0625
2 0.5140625 0.48984375 0.0625 0.125
0 0.79921875 0.503125 0.0734375 0.08125
1 0.67890625 0.575 0.1171875 0.1875
0 0.90390625 0.584375 0.0890625 0.11484375
1 0.8078125 0.59921875 0.125 0.16875
0 0.559375 0.61015625 0.0875 0.13359375
0 0.25546875 0.76171875 0.1203125 0.14375
0 0.83828125 0.80859375 0.1484375 0.20390625