1 0.30703125 0.32890625 0.0328125 0.05
0 0.3390625 0.3625 0.028125 0.04140625
3 0.6265625 0.36484375 0.075 0.125
0 0.47578125 0.36796875 0.0296875 0.03125
0 0.49140625 0.38671875 0.0390625 0.04765625
3 0.55546875 0.39140625 0.0578125 0.08359375
0 0.49453125 0.425 0.0390625 0.04140625
0 0.61015625 0.48984375 0.0546875 0.06640625
0 0.25234375 0.48984375 0.0546875 0.075
0 0.51953125 0.50078125 0.0546875 0.07734375
0 0.81015625 0.57421875 0.0515625 0.08984375
3 0.76171875 0.62734375 0.2546875 0.4125
0 0.29921875 0.63359375 0.0765625 0.09609375
2 0.91875 0.703125 0.1625 0.36875
0 0.58828125 0.73125 0.0953125 0.14609375