1 0.27109375 0.36328125 0.0390625 0.06015625
1 0.55234375 0.38671875 0.0484375 0.06875
0 0.37265625 0.39140625 0.0390625 0.04140625
1 0.6546875 0.42265625 0.06875 0.10859375
3 0.28046875 0.42578125 0.0828125 0.13125
0 0.50625 0.43671875 0.04375 0.06484375
0 0.5953125 0.47109375 0.05 0.06640625
3 0.76953125 0.49921875 0.1609375 0.21484375
1 0.6421875 0.52578125 0.084375 0.12734375
0 0.53125 0.55703125 0.065625 0.08125
1 0.79296875 0.71640625 0.1703125 0.275
0 0.60703125 0.76171875 0.1203125 0.19375