1 0.29609375 0.334375 0.0359375 0.06484375
1 0.35390625 0.33515625 0.0390625 0.05
0 0.4703125 0.35234375 0.034375 0.0375
3 0.56015625 0.37578125 0.0703125 0.13125
0 0.478125 0.38125 0.034375 0.04140625
0 0.61796875 0.40234375 0.0390625 0.05390625
2 0.6765625 0.41640625 0.084375 0.12890625
0 0.49140625 0.428125 0.0359375 0.05234375
0 0.346875 0.45 0.053125 0.05859375
0 0.51171875 0.48671875 0.0578125 0.07265625
1 0.78828125 0.53515625 0.1421875 0.15390625
0 0.55078125 0.60234375 0.0734375 0.09140625
0 0.68125 0.60390625 0.078125 0.09609375
0 0.63984375 0.9078125 0.1390625 0.184375