0 0.36640625 0.403125 0.0421875 0.04765625
1 0.2859375 0.41171875 0.059375 0.09375
0 0.5703125 0.421875 0.0375 0.04765625
1 0.69453125 0.440625 0.1109375 0.13515625
0 0.35546875 0.44453125 0.0453125 0.05625
0 0.6015625 0.459375 0.05625 0.07265625
0 0.5046875 0.465625 0.05 0.06484375
0 0.521875 0.50859375 0.059375 0.09140625
0 0.73359375 0.51484375 0.0765625 0.0875
0 0.6421875 0.54296875 0.065625 0.10234375
0 0.5390625 0.55546875 0.06875 0.09375
0 0.22734375 0.57890625 0.0859375 0.0875
0 0.80625 0.6 0.0875 0.0875
1 0.70546875 0.62265625 0.1171875 0.2
0 0.6015625 0.65703125 0.0875 0.13125
1 0.55625 0.74140625 0.109375 0.2125
1 0.878125 0.8203125 0.228125 0.359375
0 0.19375 0.89765625 0.1625 0.20390625