2 0.4640625 0.33671875 0.04375 0.06484375
2 0.52578125 0.33671875 0.0515625 0.08125
0 0.46953125 0.359375 0.0265625 0.03125
0 0.32578125 0.37109375 0.0328125 0.04609375
0 0.48046875 0.39453125 0.0328125 0.04375
1 0.63125 0.39609375 0.0625 0.1
0 0.3671875 0.39765625 0.04375 0.05859375
2 0.56875 0.39921875 0.075 0.12734375
0 0.684375 0.41015625 0.040625 0.05
0 0.49765625 0.43828125 0.0421875 0.06484375
1 0.26640625 0.44140625 0.0671875 0.07890625
0 0.66171875 0.44921875 0.0453125 0.06015625
1 0.16015625 0.48125 0.0890625 0.1125
0 0.52265625 0.5 0.0546875 0.0875
3 0.81015625 0.51640625 0.1921875 0.24609375
0 0.65078125 0.56015625 0.0765625 0.10859375
0 0.53828125 0.603125 0.0828125 0.13984375
0 0.28984375 0.66875 0.0921875 0.12890625
0 0.6140625 0.79375 0.13125 0.17890625
0 0.81953125 0.82734375 0.1546875 0.20390625