1 0.340625 0.278125 0.028125 0.03515625
1 0.3765625 0.28046875 0.025 0.03984375
1 0.4109375 0.28359375 0.025 0.04140625
0 0.453125 0.28671875 0.01875 0.02734375
0 0.4578125 0.3 0.01875 0.02109375
3 0.50078125 0.30390625 0.0296875 0.075
1 0.34921875 0.31484375 0.0359375 0.05390625
0 0.46484375 0.321875 0.0234375 0.02734375
3 0.58046875 0.32734375 0.0453125 0.06640625
0 0.471875 0.34453125 0.0375 0.03984375
1 0.38203125 0.34921875 0.0390625 0.07734375
1 0.32421875 0.36640625 0.0390625 0.06640625
1 0.60390625 0.38125 0.0515625 0.0625
1 0.55 0.384375 0.04375 0.09375
0 0.4828125 0.38984375 0.040625 0.03359375
1 0.5484375 0.39375 0.05 0.09140625
1 0.65703125 0.41484375 0.0640625 0.09140625
0 0.5703125 0.42578125 0.046875 0.07265625
0 0.50234375 0.42890625 0.0453125 0.05
0 0.58984375 0.45234375 0.0390625 0.075
3 0.7171875 0.45703125 0.09375 0.13515625
0 0.50234375 0.46328125 0.0515625 0.05234375
0 0.5203125 0.48515625 0.06875 0.0375
1 0.61875 0.51796875 0.06875 0.16484375
1 0.66875 0.54765625 0.109375 0.2125
0 0.52265625 0.553125 0.0609375 0.10234375
0 0.0625 0.60078125 0.121875 0.16484375
0 0.7390625 0.646875 0.04375 0.13515625
0 0.55703125 0.678125 0.0828125 0.12265625
3 0.8578125 0.71015625 0.25 0.35
0 0.6 0.82578125 0.1375 0.17734375
3 0.9140625 0.8484375 0.171875 0.303125
0 0.18984375 0.8921875 0.1578125 0.215625
0 0.65078125 0.9484375 0.1828125 0.103125