0 0.38046875 0.37734375 0.0390625 0.04140625
0 0.50078125 0.37734375 0.0546875 0.0375
3 0.2421875 0.38125 0.075 0.10859375
0 0.30703125 0.38125 0.0328125 0.04609375
0 0.6578125 0.39765625 0.0375 0.05390625
1 0.61953125 0.40234375 0.0546875 0.09609375
0 0.36796875 0.41484375 0.0421875 0.05
0 0.571875 0.42578125 0.046875 0.06875
0 0.50390625 0.43828125 0.0609375 0.07734375
0 0.34609375 0.45625 0.0609375 0.0625
3 0.73671875 0.465625 0.1265625 0.13984375
0 0.63046875 0.50703125 0.0671875 0.13515625
0 0.1625 0.5625 0.090625 0.11640625
3 0.75234375 0.65859375 0.2046875 0.325
0 0.290625 0.6625 0.103125 0.12890625
1 0.9390625 0.68515625 0.121875 0.30859375
0 0.56328125 0.690625 0.0921875 0.16484375
0 0.1015625 0.73359375 0.134375 0.15390625
0 0.20625 0.92265625 0.165625 0.15390625
0 0.734375 0.96328125 0.153125 0.07265625