1 0.32890625 0.32421875 0.0296875 0.04375
0 0.38984375 0.34375 0.0296875 0.04140625
3 0.26171875 0.36171875 0.0609375 0.08515625
0 0.36640625 0.39609375 0.0484375 0.05859375
1 0.64296875 0.4 0.0765625 0.1125
3 0.3015625 0.40078125 0.065625 0.09765625
1 0.7 0.47265625 0.08125 0.09140625
1 0.62734375 0.503125 0.0734375 0.13125
3 0.8046875 0.50703125 0.14375 0.12734375
1 0.18125 0.52109375 0.1 0.1625
0 0.31875 0.52890625 0.08125 0.09609375
1 0.67265625 0.55078125 0.0984375 0.18984375
0 0.9171875 0.56796875 0.0625 0.09375
0 0.53125 0.58203125 0.0875 0.13125
3 0.9609375 0.60234375 0.075 0.1875
0 0.55546875 0.62265625 0.0953125 0.11640625
1 0.74375 0.64765625 0.08125 0.16640625
1 0.065625 0.66796875 0.13125 0.21015625
3 0.84375 0.68203125 0.1875 0.28125
0 0.56875 0.73984375 0.10625 0.17109375
3 0.92734375 0.853125 0.1453125 0.29375
0 0.74375 0.8828125 0.175 0.234375