0 0.3515625 0.34140625 0.025 0.03359375
3 0.52734375 0.34453125 0.0453125 0.06875
1 0.26484375 0.36484375 0.0484375 0.075
0 0.3796875 0.365625 0.03125 0.03984375
1 0.5875 0.36640625 0.046875 0.05859375
3 0.31875 0.36875 0.059375 0.075
0 0.48046875 0.38984375 0.0359375 0.04140625
0 0.4984375 0.425 0.04375 0.05859375
0 0.35859375 0.42578125 0.0421875 0.05234375
0 0.29296875 0.440625 0.0484375 0.05625
0 0.52578125 0.48359375 0.0578125 0.06640625
0 0.3171875 0.57421875 0.08125 0.09765625
1 0.05 0.57421875 0.1 0.16875
0 0.56953125 0.60625 0.0859375 0.1375
0 0.09765625 0.7375 0.1171875 0.14140625
0 0.234375 0.83203125 0.134375 0.17734375