1 0.30390625 0.33203125 0.0359375 0.05625
0 0.38515625 0.35625 0.0390625 0.04140625
3 0.32734375 0.36484375 0.0546875 0.0875
0 0.6125 0.40390625 0.034375 0.05859375
1 0.56953125 0.41015625 0.0515625 0.0875
0 0.4953125 0.41328125 0.04375 0.06015625
0 0.6375 0.434375 0.0375 0.04765625
1 0.7015625 0.4625 0.084375 0.125
0 0.5171875 0.47109375 0.053125 0.075
0 0.63203125 0.51953125 0.0671875 0.08984375
3 0.8515625 0.57421875 0.221875 0.30234375
1 0.696875 0.60546875 0.10625 0.18984375
0 0.28828125 0.640625 0.0859375 0.09765625
0 0.56328125 0.6625 0.0796875 0.11640625
1 0.91328125 0.86328125 0.1734375 0.26875