0 0.36484375 0.321875 0.0234375 0.03125
0 0.39375 0.33046875 0.01875 0.02734375
3 0.29375 0.3375 0.059375 0.09609375
0 0.35234375 0.34453125 0.0296875 0.03984375
0 0.38828125 0.35390625 0.0265625 0.0375
3 0.3125 0.36953125 0.05625 0.09375
0 0.37265625 0.390625 0.0390625 0.04765625
0 0.4921875 0.396875 0.034375 0.04765625
0 0.36015625 0.44375 0.0453125 0.05859375
0 0.2671875 0.46171875 0.053125 0.06484375
1 0.7046875 0.47890625 0.065625 0.1125
1 0.14609375 0.47890625 0.0859375 0.1125
3 0.64375 0.4875 0.128125 0.23359375
2 0.553125 0.540625 0.125 0.23515625
1 0.79765625 0.55390625 0.0984375 0.15390625
1 0.05390625 0.55859375 0.1078125 0.19140625
0 0.3234375 0.559375 0.075 0.09765625
0 0.16953125 0.609375 0.0828125 0.11015625
0 0.27734375 0.71953125 0.1078125 0.13515625
0 0.6515625 0.83125 0.146875 0.23359375