0 0.47578125 0.35703125 0.0359375 0.03125
0 0.32578125 0.36328125 0.0328125 0.03984375
0 0.3796875 0.36484375 0.034375 0.04609375
2 0.54375 0.36953125 0.05625 0.08984375
0 0.4796875 0.38359375 0.03125 0.0375
3 0.66015625 0.396875 0.0953125 0.11875
0 0.49296875 0.40703125 0.0390625 0.03125
0 0.54609375 0.41953125 0.0234375 0.05234375
2 0.59453125 0.440625 0.0953125 0.16484375
0 0.49921875 0.44765625 0.0515625 0.05390625
0 0.51328125 0.48671875 0.0609375 0.06015625
0 0.52421875 0.53046875 0.0671875 0.08125
0 0.79609375 0.54921875 0.0703125 0.09375
3 0.70625 0.55234375 0.153125 0.27109375
2 0.0546875 0.58984375 0.109375 0.25390625
0 0.31328125 0.59453125 0.0765625 0.09375
0 0.54609375 0.59609375 0.0796875 0.10859375
0 0.86875 0.65390625 0.115625 0.13359375
0 0.6109375 0.753125 0.125 0.20625
0 0.9328125 0.91015625 0.134375 0.175