0 0.3984375 0.315625 0.021875 0.02734375
3 0.46796875 0.31875 0.0390625 0.0625
3 0.35 0.31875 0.0375 0.06640625
0 0.39453125 0.33984375 0.0265625 0.02890625
0 0.51484375 0.340625 0.0171875 0.02265625
1 0.5703125 0.35390625 0.03125 0.05
0 0.38515625 0.35859375 0.0359375 0.04140625
3 0.31953125 0.359375 0.0578125 0.08984375
0 0.49140625 0.36796875 0.0328125 0.03515625
0 0.52734375 0.37109375 0.0203125 0.02890625
0 0.53671875 0.38359375 0.0234375 0.03359375
0 0.653125 0.38359375 0.025 0.04140625
1 0.61953125 0.39140625 0.0390625 0.06640625
1 0.2265625 0.40234375 0.053125 0.08359375
0 0.49453125 0.415625 0.0390625 0.05625
0 0.565625 0.41875 0.028125 0.04609375
0 0.3640625 0.43046875 0.04375 0.05625
0 0.7015625 0.43515625 0.046875 0.05
0 0.33203125 0.46953125 0.0515625 0.05625
0 0.6109375 0.48203125 0.053125 0.08984375
0 0.69609375 0.48984375 0.0609375 0.075
0 0.5203125 0.49140625 0.046875 0.07109375
0 0.840625 0.62421875 0.090625 0.12265625
0 0.14453125 0.64296875 0.0921875 0.10234375
0 0.278125 0.675 0.09375 0.12109375
1 0.76015625 0.678125 0.1703125 0.28515625
0 0.978125 0.79921875 0.04375 0.13125