2 0.61875 0.38671875 0.071875 0.10625
1 0.56953125 0.40234375 0.0609375 0.10390625
0 0.49375 0.4125 0.040625 0.05
2 0.703125 0.45703125 0.121875 0.17265625
0 0.34140625 0.465625 0.0578125 0.06875
0 0.50859375 0.465625 0.0546875 0.07734375
0 0.61328125 0.48671875 0.0578125 0.07265625
0 0.53203125 0.534375 0.0671875 0.09765625
0 0.8453125 0.53984375 0.0875 0.09609375
0 0.65859375 0.55546875 0.0796875 0.09765625
1 0.7609375 0.653125 0.134375 0.23125
0 0.60078125 0.66015625 0.0984375 0.14609375
1 0.08359375 0.83515625 0.1578125 0.16640625
0 0.8859375 0.9 0.190625 0.2