1 0.6375 0.40703125 0.05 0.07265625
0 0.56484375 0.409375 0.0421875 0.05234375
3 0.271875 0.41171875 0.084375 0.14375
0 0.71015625 0.43515625 0.0453125 0.05859375
0 0.49296875 0.44921875 0.0484375 0.07265625
0 0.67265625 0.46015625 0.0578125 0.07109375
0 0.58828125 0.465625 0.0546875 0.07265625
1 0.1078125 0.47421875 0.14375 0.18984375
1 0.78515625 0.52734375 0.1140625 0.15859375
0 0.5484375 0.56328125 0.075 0.10625
1 0.71640625 0.61171875 0.1328125 0.22734375
1 0.88359375 0.803125 0.2328125 0.39375