3 0.6171875 0.36875 0.0625 0.1125
1 0.325 0.37265625 0.04375 0.05
1 0.2359375 0.37578125 0.06875 0.07734375
3 0.55625 0.38203125 0.078125 0.10625
0 0.484375 0.390625 0.034375 0.04765625
0 0.371875 0.40546875 0.0375 0.03984375
0 0.29921875 0.41015625 0.0390625 0.05
0 0.50625 0.4875 0.053125 0.075
1 0.234375 0.49140625 0.090625 0.14140625
3 0.67578125 0.521875 0.1328125 0.24375
3 0.0375 0.60625 0.075 0.31640625
0 0.3046875 0.62109375 0.09375 0.1125
0 0.0890625 0.73984375 0.134375 0.13359375
1 0.88203125 0.771875 0.2046875 0.36484375
0 0.603125 0.79140625 0.11875 0.17890625
0 0.209375 0.89453125 0.153125 0.20625