0 0.61640625 0.378125 0.0390625 0.03984375
1 0.5546875 0.38671875 0.046875 0.07265625
0 0.3671875 0.39296875 0.0375 0.04375
0 0.49453125 0.39765625 0.0359375 0.03359375
0 0.62578125 0.4125 0.0609375 0.05
0 0.48984375 0.41640625 0.0328125 0.04140625
0 0.30234375 0.421875 0.0484375 0.05625
0 0.57265625 0.421875 0.0390625 0.04765625
0 0.4984375 0.42890625 0.0375 0.03359375
0 0.34609375 0.4625 0.0484375 0.06640625
0 0.50390625 0.46640625 0.0453125 0.07109375
1 0.7390625 0.47578125 0.13125 0.15234375
1 0.1046875 0.48125 0.121875 0.15
0 0.2546875 0.48671875 0.05625 0.06875
0 0.6421875 0.52890625 0.075 0.0875
0 0.52109375 0.53828125 0.0578125 0.08515625
0 0.87265625 0.559375 0.0796875 0.08125
1 0.82265625 0.60859375 0.0984375 0.10859375
0 0.56171875 0.62890625 0.0796875 0.10390625
0 0.15859375 0.634375 0.0953125 0.09765625
0 0.93671875 0.740625 0.1234375 0.13515625
0 0.79140625 0.75390625 0.1234375 0.17109375
0 0.6640625 0.853125 0.140625 0.21484375