0 0.3828125 0.36328125 0.03125 0.03515625
0 0.4765625 0.37578125 0.034375 0.04375
1 0.26171875 0.38125 0.0453125 0.0625
0 0.3171875 0.38203125 0.034375 0.04375
1 0.6171875 0.39375 0.040625 0.075
0 0.54921875 0.4 0.0359375 0.05
1 0.20859375 0.403125 0.0515625 0.08515625
0 0.37265625 0.41015625 0.0390625 0.04140625
0 0.49453125 0.415625 0.0390625 0.05234375
0 0.58671875 0.43203125 0.0484375 0.07265625
0 0.35546875 0.46015625 0.0484375 0.07109375
0 0.6828125 0.46796875 0.059375 0.07734375
1 0.21796875 0.49140625 0.0828125 0.125
0 0.51875 0.50546875 0.05625 0.10234375
1 0.6421875 0.51171875 0.06875 0.12265625
1 0.059375 0.5625 0.11875 0.15859375
0 0.546875 0.596875 0.078125 0.12265625
0 0.30703125 0.60859375 0.0734375 0.10390625
3 0.84453125 0.74296875 0.3046875 0.49765625