1 0.3234375 0.309375 0.03125 0.04765625
0 0.36484375 0.31796875 0.0203125 0.02734375
3 0.5296875 0.346875 0.05 0.08125
0 0.33828125 0.359375 0.0265625 0.03515625
1 0.59453125 0.36953125 0.0421875 0.05234375
0 0.48203125 0.375 0.0265625 0.01640625
1 0.29453125 0.38359375 0.0453125 0.075
1 0.62421875 0.39765625 0.0453125 0.07109375
0 0.48203125 0.40546875 0.0328125 0.05234375
0 0.5109375 0.43046875 0.034375 0.04765625
0 0.50234375 0.44609375 0.0453125 0.05
0 0.26171875 0.453125 0.0546875 0.07265625
0 0.50625 0.49140625 0.05 0.07890625
0 0.62734375 0.5125 0.0515625 0.08359375
0 0.53125 0.55625 0.0625 0.0875
0 0.88359375 0.56953125 0.0828125 0.10625
3 0.74609375 0.596875 0.1921875 0.31484375
0 0.54140625 0.615625 0.0734375 0.11015625
0 0.575 0.68203125 0.084375 0.13984375
1 0.95234375 0.70390625 0.0953125 0.25390625
0 0.61328125 0.79609375 0.1234375 0.19140625
3 0.98125 0.92265625 0.0375 0.15390625
0 0.67265625 0.97890625 0.1328125 0.04140625