3 0.58984375 0.3375 0.0578125 0.0875
1 0.29921875 0.34375 0.0421875 0.05390625
3 0.53359375 0.35 0.0546875 0.10859375
0 0.38671875 0.35859375 0.0296875 0.0375
2 0.48359375 0.3625 0.0546875 0.09609375
0 0.29453125 0.403125 0.0359375 0.06015625
0 0.36640625 0.42421875 0.0390625 0.05625
0 0.4953125 0.43359375 0.05 0.06640625
1 0.27265625 0.4375 0.0546875 0.0875
1 0.19609375 0.44140625 0.0734375 0.1
3 0.621875 0.46484375 0.13125 0.19609375
3 0.74921875 0.49296875 0.1359375 0.17734375
0 0.328125 0.53203125 0.071875 0.08984375
1 0.95703125 0.728125 0.0859375 0.27734375
0 0.60390625 0.74921875 0.1140625 0.17734375
0 0.86640625 0.840625 0.1578125 0.24375