1 0.334375 0.35546875 0.0375 0.04765625
1 0.2546875 0.359375 0.071875 0.08984375
0 0.38203125 0.378125 0.0359375 0.03984375
0 0.4859375 0.38671875 0.034375 0.04765625
0 0.31875 0.39140625 0.0375 0.04140625
3 0.6375 0.39453125 0.071875 0.13515625
3 0.57734375 0.41484375 0.0921875 0.14609375
0 0.49765625 0.42734375 0.0390625 0.0625
1 0.27265625 0.43671875 0.0671875 0.12265625
0 0.3390625 0.49765625 0.065625 0.07109375
3 0.084375 0.53359375 0.16875 0.29140625
0 0.5328125 0.571875 0.075 0.10234375
0 0.1921875 0.57421875 0.08125 0.10234375
3 0.76171875 0.60234375 0.2078125 0.33359375
0 0.29609375 0.634375 0.0921875 0.11484375