0 0.58125 0.33046875 0.025 0.04765625
3 0.3390625 0.33125 0.040625 0.07890625
0 0.46640625 0.33125 0.0265625 0.03359375
3 0.30390625 0.33203125 0.0265625 0.06484375
3 0.51484375 0.33203125 0.0421875 0.05234375
0 0.39140625 0.353125 0.0234375 0.03984375
0 0.603125 0.35390625 0.03125 0.03359375
0 0.48125 0.37109375 0.03125 0.04140625
0 0.24453125 0.39375 0.0484375 0.07109375
0 0.3109375 0.40234375 0.040625 0.05390625
1 0.63671875 0.403125 0.0578125 0.09765625
0 0.19453125 0.43359375 0.0578125 0.08359375
0 0.5078125 0.434375 0.046875 0.06015625
3 0.690625 0.45 0.075 0.13359375
0 0.60234375 0.46328125 0.0546875 0.08984375
0 0.36015625 0.46484375 0.0484375 0.0875
0 0.26640625 0.47421875 0.0609375 0.08515625
0 0.51640625 0.51015625 0.0609375 0.1125
0 0.80234375 0.51640625 0.0953125 0.1
0 0.08515625 0.546875 0.0734375 0.08515625
0 0.28125 0.60625 0.090625 0.125
0 0.70625 0.61015625 0.1125 0.14609375
1 0.07421875 0.71484375 0.1453125 0.31640625
0 0.628125 0.82890625 0.103125 0.19140625
1 0.8921875 0.8375 0.215625 0.325
0 0.20234375 0.90234375 0.1390625 0.19140625