0 0.475 0.346875 0.025 0.03515625
3 0.27734375 0.35390625 0.0671875 0.10390625
0 0.34140625 0.35703125 0.0234375 0.03515625
0 0.5328125 0.36171875 0.028125 0.04765625
0 0.3828125 0.36953125 0.025 0.03125
0 0.48671875 0.38125 0.0359375 0.04609375
3 0.29140625 0.39296875 0.0671875 0.09765625
0 0.36171875 0.41328125 0.0359375 0.04765625
3 0.60859375 0.43515625 0.0984375 0.175
1 0.6703125 0.44765625 0.05625 0.09609375
0 0.340625 0.47890625 0.05625 0.0625
2 0.534375 0.48125 0.10625 0.1875
1 0.7390625 0.5 0.090625 0.1375
0 0.225 0.51171875 0.065625 0.07265625
1 0.0609375 0.56171875 0.121875 0.16015625
0 0.5859375 0.64453125 0.103125 0.15625
0 0.28203125 0.68671875 0.1015625 0.13125
1 0.0703125 0.76640625 0.121875 0.17890625