0 0.384375 0.346875 0.028125 0.03515625
1 0.53515625 0.359375 0.0421875 0.06015625
1 0.26640625 0.37109375 0.0453125 0.0625
0 0.48046875 0.375 0.0328125 0.04140625
0 0.54296875 0.40234375 0.0265625 0.0375
1 0.63984375 0.41015625 0.0390625 0.05390625
0 0.4890625 0.41796875 0.0375 0.05625
3 0.59453125 0.42734375 0.0859375 0.1375
1 0.68828125 0.46328125 0.0703125 0.08515625
0 0.50703125 0.475 0.0546875 0.06640625
0 0.76640625 0.56015625 0.0796875 0.1
0 0.66484375 0.571875 0.0796875 0.09765625
0 0.58828125 0.66328125 0.0890625 0.13125
1 0.92421875 0.67421875 0.1515625 0.23984375