3 0.6078125 0.359375 0.053125 0.09765625
3 0.55234375 0.37109375 0.0703125 0.1
1 0.22734375 0.37578125 0.0765625 0.09765625
1 0.3203125 0.37734375 0.04375 0.05
0 0.4828125 0.384375 0.034375 0.04765625
0 0.365625 0.4125 0.040625 0.05390625
0 0.2890625 0.42734375 0.046875 0.05859375
0 0.50234375 0.47109375 0.0484375 0.07890625
3 0.665625 0.50546875 0.13125 0.23125
1 0.2203125 0.50859375 0.09375 0.15390625
3 0.0375 0.60625 0.075 0.31640625
3 0.9046875 0.63671875 0.190625 0.23984375
0 0.296875 0.65 0.09375 0.125
1 0.85703125 0.740625 0.1953125 0.34375
0 0.5921875 0.74140625 0.103125 0.17109375
0 0.065625 0.78203125 0.13125 0.15234375
0 0.190625 0.9234375 0.175 0.153125