3 0.53359375 0.30703125 0.0515625 0.07265625
0 0.471875 0.35703125 0.0375 0.05234375
0 0.32734375 0.36640625 0.0515625 0.08359375
3 0.5515625 0.36796875 0.075 0.09765625
0 0.49765625 0.41484375 0.0609375 0.10390625
0 0.3578125 0.41953125 0.065625 0.08984375
0 0.51953125 0.4875 0.0796875 0.125
0 0.30703125 0.52734375 0.0828125 0.12109375
0 0.18515625 0.55703125 0.0953125 0.13125
0 0.56171875 0.60859375 0.1140625 0.15859375
3 0.82734375 0.7609375 0.3453125 0.478125
0 0.615625 0.80703125 0.159375 0.24375