0 0.3765625 0.3375 0.028125 0.03359375
0 0.5171875 0.35 0.03125 0.0375
1 0.2796875 0.359375 0.04375 0.05625
0 0.38515625 0.359375 0.0328125 0.03515625
0 0.47578125 0.36796875 0.0296875 0.04765625
0 0.3765625 0.384375 0.0375 0.04765625
0 0.315625 0.390625 0.0375 0.04765625
1 0.66171875 0.390625 0.0640625 0.10234375
3 0.5703125 0.39296875 0.075 0.13984375
0 0.490625 0.41328125 0.040625 0.05234375
1 0.6890625 0.45703125 0.071875 0.09375
0 0.5046875 0.459375 0.053125 0.07265625
0 0.52734375 0.56171875 0.0796875 0.11015625
3 0.08125 0.68828125 0.1625 0.28125
0 0.5953125 0.71953125 0.103125 0.14375