0 0.47578125 0.35703125 0.0359375 0.03125
2 0.54375 0.36953125 0.05625 0.08984375
0 0.4796875 0.38359375 0.03125 0.0375
3 0.66015625 0.396875 0.0953125 0.11875
0 0.49296875 0.40703125 0.0390625 0.03125
0 0.54609375 0.41953125 0.0234375 0.05234375
2 0.59453125 0.43828125 0.0953125 0.16484375
0 0.49921875 0.44765625 0.0515625 0.05390625
0 0.51328125 0.48671875 0.0609375 0.06015625
2 0.08125 0.52421875 0.1625 0.20625
0 0.52421875 0.53046875 0.0671875 0.08125
0 0.33203125 0.53671875 0.0640625 0.07734375
0 0.796875 0.559375 0.071875 0.11484375
3 0.71015625 0.571875 0.1578125 0.29375
0 0.5484375 0.60078125 0.084375 0.11875
0 0.89296875 0.678125 0.1015625 0.13125
0 0.62109375 0.79765625 0.1453125 0.24140625