3 0.3234375 0.359375 0.05 0.07734375
0 0.38203125 0.37265625 0.0328125 0.03359375
0 0.55078125 0.3875 0.0359375 0.05390625
0 0.37109375 0.409375 0.0328125 0.03984375
0 0.49765625 0.41953125 0.0421875 0.06015625
1 0.584375 0.42578125 0.04375 0.06875
0 0.2859375 0.428125 0.040625 0.05234375
1 0.20078125 0.4375 0.0703125 0.09140625
0 0.509375 0.47109375 0.046875 0.07109375
1 0.12421875 0.48046875 0.0984375 0.14375
0 0.34453125 0.49609375 0.0640625 0.07109375
1 0.73359375 0.49765625 0.0703125 0.10859375
3 0.68203125 0.52890625 0.1640625 0.27109375
1 0.215625 0.54140625 0.071875 0.09140625
2 0.5796875 0.59609375 0.1625 0.2875
1 0.85078125 0.6 0.1265625 0.18359375
0 0.30625 0.61328125 0.084375 0.10625
1 0.08359375 0.64453125 0.1640625 0.18515625