0 0.40234375 0.30546875 0.0203125 0.03125
1 0.35546875 0.31171875 0.0328125 0.05234375
0 0.39921875 0.31640625 0.0234375 0.03359375
1 0.51171875 0.328125 0.0328125 0.06875
1 0.2828125 0.34375 0.046875 0.05390625
1 0.55625 0.34375 0.028125 0.04140625
3 0.33359375 0.34609375 0.0515625 0.09140625
3 0.23828125 0.38046875 0.0609375 0.08984375
0 0.3734375 0.38984375 0.034375 0.04609375
0 0.54921875 0.396875 0.0390625 0.04375
0 0.5015625 0.41484375 0.0375 0.05859375
0 0.34453125 0.45546875 0.0484375 0.06875
2 0.2484375 0.45859375 0.1125 0.15859375
1 0.12890625 0.478125 0.0984375 0.12734375
0 0.27421875 0.67109375 0.1015625 0.15
0 0.7734375 0.89453125 0.153125 0.21015625