1 0.39296875 0.33203125 0.0265625 0.03125
0 0.3703125 0.390625 0.040625 0.03984375
1 0.61640625 0.396875 0.0390625 0.06484375
3 0.5703125 0.40234375 0.071875 0.11640625
1 0.2296875 0.41171875 0.059375 0.07265625
1 0.6578125 0.43671875 0.05625 0.07265625
0 0.4984375 0.44375 0.040625 0.05859375
0 0.72421875 0.51328125 0.0671875 0.08125
0 0.62734375 0.51875 0.0671875 0.0875
0 0.5609375 0.58984375 0.075 0.10390625
1 0.8453125 0.59453125 0.128125 0.19375
0 0.60390625 0.7875 0.1140625 0.16640625
0 0.84296875 0.8375 0.1671875 0.225