0 0.384375 0.375 0.034375 0.04609375
1 0.29375 0.37578125 0.071875 0.10625
1 0.23828125 0.38984375 0.0453125 0.05390625
0 0.61015625 0.390625 0.0421875 0.04765625
0 0.4921875 0.41484375 0.040625 0.05
1 0.19375 0.42890625 0.0625 0.09609375
0 0.58125 0.44765625 0.046875 0.05859375
3 0.6859375 0.44765625 0.103125 0.12890625
0 0.51015625 0.47109375 0.0515625 0.06640625
1 0.1265625 0.49453125 0.09375 0.12734375
0 0.640625 0.53359375 0.065625 0.07890625
0 0.33828125 0.53984375 0.0640625 0.08359375
0 0.7203125 0.62578125 0.1 0.12734375
1 0.08671875 0.67578125 0.1734375 0.25234375
0 0.6203125 0.85390625 0.13125 0.22109375
0 0.2 0.9375 0.165625 0.125