0 0.35546875 0.33046875 0.0265625 0.04765625
1 0.596875 0.35625 0.0375 0.0625
0 0.325 0.36796875 0.034375 0.06015625
0 0.47109375 0.37109375 0.0359375 0.05
1 0.55859375 0.38828125 0.0578125 0.08125
0 0.4859375 0.403125 0.034375 0.06015625
1 0.6265625 0.403125 0.046875 0.07265625
0 0.715625 0.43359375 0.0375 0.07109375
1 0.67109375 0.44140625 0.0515625 0.1
0 0.503125 0.459375 0.040625 0.07734375
0 0.5109375 0.49765625 0.065625 0.08359375
0 0.5390625 0.546875 0.08125 0.08984375
0 0.678125 0.565625 0.065625 0.11484375
0 0.54609375 0.625 0.0796875 0.125
0 0.24453125 0.69375 0.1578125 0.21640625
0 0.58671875 0.69921875 0.0890625 0.16875
3 0.85390625 0.71953125 0.2765625 0.43984375
0 0.63671875 0.83671875 0.1359375 0.22265625