1 0.33046875 0.3125 0.0328125 0.04609375
0 0.39453125 0.33203125 0.0265625 0.03515625
1 0.29375 0.34921875 0.03125 0.05625
1 0.3375 0.35078125 0.034375 0.05625
0 0.38359375 0.36171875 0.0328125 0.04375
3 0.61171875 0.36484375 0.0640625 0.10390625
3 0.55078125 0.37265625 0.0640625 0.10859375
2 0.4890625 0.38984375 0.0625 0.10859375
0 0.70546875 0.428125 0.0421875 0.06015625
0 0.659375 0.44296875 0.046875 0.07734375
0 0.34765625 0.4875 0.0546875 0.0625
1 0.23984375 0.50078125 0.0921875 0.11015625
3 0.09375 0.52890625 0.14375 0.175
0 0.53828125 0.57109375 0.0734375 0.1
3 0.9 0.63203125 0.2 0.30625
1 0.12890625 0.659375 0.1484375 0.21015625
3 0.76171875 0.665625 0.2453125 0.39765625
0 0.27734375 0.78203125 0.1109375 0.13984375