0 0.3859375 0.36796875 0.03125 0.03984375
1 0.29765625 0.371875 0.0703125 0.10234375
1 0.2421875 0.38125 0.04375 0.05
0 0.6125 0.39609375 0.04375 0.05
1 0.203125 0.421875 0.053125 0.08984375
0 0.49375 0.421875 0.040625 0.05234375
0 0.58125 0.44765625 0.046875 0.05859375
3 0.69609375 0.45 0.1171875 0.12890625
1 0.14296875 0.478125 0.0921875 0.11484375
0 0.5125 0.48046875 0.053125 0.06875
0 0.34609375 0.51484375 0.0578125 0.075
0 0.65078125 0.540625 0.0703125 0.08125
0 0.734375 0.63984375 0.103125 0.12890625
1 0.1078125 0.64296875 0.15625 0.23125
0 0.2265625 0.88515625 0.146875 0.17890625
0 0.63671875 0.8890625 0.1453125 0.221875