2 0.35390625 0.2875 0.0359375 0.05
2 0.4671875 0.33046875 0.04375 0.06484375
0 0.39296875 0.33359375 0.0296875 0.0375
2 0.51640625 0.33671875 0.0515625 0.08125
0 0.46953125 0.359375 0.0265625 0.03125
0 0.378125 0.3625 0.034375 0.04609375
2 0.546875 0.365625 0.0625 0.08984375
3 0.6 0.36640625 0.0625 0.1
0 0.4796875 0.36875 0.034375 0.0375
0 0.32734375 0.38359375 0.0359375 0.05
0 0.48046875 0.39453125 0.0328125 0.04375
0 0.2296875 0.40078125 0.075 0.08984375
0 0.48828125 0.40703125 0.0328125 0.03125
0 0.6296875 0.41328125 0.03125 0.04765625
3 0.6953125 0.41953125 0.128125 0.14375
0 0.49765625 0.434375 0.0515625 0.05625
0 0.578125 0.44765625 0.046875 0.05859375
0 0.6 0.496875 0.0625 0.07734375
0 0.52109375 0.52578125 0.0671875 0.08515625
2 0.79296875 0.68671875 0.2890625 0.41484375
0 0.5875 0.728125 0.121875 0.16875