0 0.4734375 0.36328125 0.028125 0.03125
2 0.54140625 0.36484375 0.0546875 0.09609375
0 0.375 0.37578125 0.040625 0.04375
3 0.65625 0.390625 0.0875 0.10625
0 0.48125 0.39296875 0.0375 0.04375
0 0.490625 0.43515625 0.05 0.0625
2 0.58515625 0.43515625 0.0828125 0.15859375
0 0.35234375 0.43671875 0.0484375 0.05625
0 0.25859375 0.45703125 0.0609375 0.06484375
0 0.51015625 0.46171875 0.0609375 0.03984375
0 0.71796875 0.49921875 0.0359375 0.06484375
3 0.67265625 0.50703125 0.1328125 0.23984375
0 0.51953125 0.515625 0.0609375 0.08515625
0 0.7609375 0.52421875 0.065625 0.07265625
0 0.53203125 0.56015625 0.0640625 0.0875
0 0.815625 0.59609375 0.0875 0.10390625
0 0.5703125 0.63203125 0.09375 0.16484375
0 0.95078125 0.74140625 0.0984375 0.17109375
0 0.8296875 0.80703125 0.15625 0.21015625
0 0.61875 0.825 0.134375 0.20390625