0 0.35546875 0.33515625 0.0421875 0.04609375
0 0.39765625 0.340625 0.0296875 0.03515625
3 0.2578125 0.35546875 0.1 0.13984375
3 0.546875 0.37578125 0.05 0.09375
1 0.33828125 0.37734375 0.0453125 0.075
0 0.384375 0.38125 0.040625 0.04609375
0 0.48046875 0.39453125 0.0359375 0.03515625
0 0.490625 0.40859375 0.04375 0.0375
0 0.37109375 0.43125 0.0640625 0.06640625
0 0.49765625 0.44609375 0.0453125 0.0625
3 0.2640625 0.45625 0.090625 0.1375
3 0.63046875 0.459375 0.1453125 0.19375
3 0.77109375 0.465625 0.1609375 0.18125
0 0.51796875 0.471875 0.0421875 0.07265625
0 0.5234375 0.51953125 0.071875 0.08984375
1 0.13046875 0.58984375 0.1265625 0.17890625
2 0.55703125 0.60703125 0.0921875 0.11484375
0 0.91875 0.61953125 0.121875 0.13125
3 0.74375 0.62890625 0.20625 0.30390625
0 0.60546875 0.75703125 0.1390625 0.17734375
3 0.8984375 0.80625 0.203125 0.3875
0 0.653125 0.93125 0.1625 0.1375