1 0.31953125 0.31640625 0.0328125 0.04609375
0 0.38984375 0.340625 0.0265625 0.03515625
3 0.5984375 0.34609375 0.059375 0.10390625
3 0.54609375 0.35859375 0.0640625 0.10859375
1 0.275 0.36015625 0.04375 0.05859375
1 0.32421875 0.36328125 0.0359375 0.06015625
2 0.48671875 0.37421875 0.0578125 0.09765625
0 0.37265625 0.38046875 0.0359375 0.04765625
0 0.665625 0.38984375 0.034375 0.04140625
0 0.52109375 0.50625 0.0609375 0.07890625
3 0.69609375 0.56640625 0.1859375 0.29609375
3 0.85859375 0.58125 0.2171875 0.25859375
0 0.315625 0.59921875 0.078125 0.09765625
1 0.1546875 0.609375 0.140625 0.16484375