1 0.30703125 0.37734375 0.0515625 0.07890625
1 0.56171875 0.40234375 0.0453125 0.1
0 0.234375 0.41953125 0.046875 0.05625
0 0.4953125 0.42734375 0.040625 0.05
3 0.6609375 0.434375 0.1 0.08984375
0 0.525 0.45078125 0.040625 0.05234375
2 0.5234375 0.52578125 0.065625 0.12734375
0 0.3171875 0.54609375 0.065625 0.06640625
0 0.88203125 0.575 0.0890625 0.10859375
1 0.7234375 0.64609375 0.140625 0.21640625
1 0.8546875 0.64921875 0.134375 0.18984375
0 0.5890625 0.678125 0.10625 0.14765625
2 0.0609375 0.77578125 0.121875 0.26484375
0 0.92265625 0.921875 0.1546875 0.15625