0 0.47578125 0.35703125 0.0359375 0.03125
2 0.54375 0.36953125 0.05625 0.08984375
0 0.4796875 0.38359375 0.03125 0.0375
3 0.66015625 0.396875 0.0953125 0.11875
0 0.49296875 0.40703125 0.0390625 0.03125
0 0.54609375 0.41953125 0.0234375 0.05234375
2 0.1921875 0.42421875 0.096875 0.11875
0 0.36015625 0.440625 0.0453125 0.05625
0 0.49921875 0.44765625 0.0515625 0.05390625
2 0.60390625 0.459375 0.0953125 0.16484375
0 0.51640625 0.49453125 0.0609375 0.06015625
0 0.53671875 0.553125 0.0671875 0.08125
0 0.8234375 0.584375 0.071875 0.11484375
3 0.74609375 0.59609375 0.1796875 0.29609375
0 0.55703125 0.640625 0.0890625 0.12265625
0 0.93828125 0.73125 0.1234375 0.14140625