0 0.38046875 0.37421875 0.0359375 0.05625
1 0.6125 0.37890625 0.040625 0.07109375
0 0.3203125 0.39296875 0.034375 0.04375
0 0.49765625 0.41171875 0.0453125 0.06484375
3 0.1703125 0.434375 0.13125 0.17734375
0 0.36484375 0.440625 0.0390625 0.04765625
0 0.27578125 0.4625 0.0453125 0.0625
0 0.3421875 0.51484375 0.059375 0.07890625
0 0.6140625 0.53046875 0.06875 0.08984375
1 0.73046875 0.603125 0.1421875 0.25234375
1 0.87109375 0.621875 0.1109375 0.15234375
3 0.10390625 0.64296875 0.2078125 0.27265625
2 0.56796875 0.65625 0.0921875 0.16640625
0 0.26171875 0.7125 0.1140625 0.15390625
1 0.85078125 0.75859375 0.1765625 0.25859375