0 0.28828125 0.359375 0.0359375 0.04765625
1 0.5890625 0.36015625 0.0375 0.07109375
1 0.3265625 0.3625 0.05625 0.1
3 0.534375 0.365625 0.05 0.07265625
0 0.37421875 0.38046875 0.0265625 0.02265625
0 0.4875 0.38046875 0.040625 0.06015625
0 0.6453125 0.38515625 0.046875 0.05859375
0 0.371875 0.41796875 0.040625 0.05625
0 0.7421875 0.47109375 0.05625 0.08359375
0 0.5125 0.490625 0.0625 0.09765625
1 0.103125 0.525 0.140625 0.1875
0 0.9578125 0.621875 0.08125 0.12265625
1 0.875 0.62890625 0.1375 0.2
0 0.28515625 0.64765625 0.0984375 0.17109375
1 0.303125 0.67421875 0.00625 0.03515625
0 0.62890625 0.75625 0.1296875 0.19609375
0 0.9265625 0.88515625 0.146875 0.22890625
0 0.22265625 0.91953125 0.1671875 0.15625