2 0.32265625 0.36484375 0.0640625 0.10859375
0 0.37265625 0.39453125 0.0390625 0.05625
3 0.70859375 0.453125 0.0890625 0.13984375
0 0.503125 0.45390625 0.053125 0.07109375
0 0.35078125 0.46953125 0.0609375 0.07734375
3 0.621875 0.496875 0.065625 0.12734375
0 0.5140625 0.528125 0.06875 0.08515625
3 0.8859375 0.534375 0.228125 0.20625
3 0.66484375 0.5375 0.0921875 0.175
0 0.546875 0.59765625 0.0875 0.12890625
3 0.15078125 0.6 0.1515625 0.19140625
3 0.0359375 0.609375 0.071875 0.21015625
3 0.740625 0.628125 0.059375 0.13515625
0 0.55625 0.675 0.084375 0.14609375
0 0.28671875 0.678125 0.1046875 0.16015625
3 0.8390625 0.69375 0.178125 0.325
0 0.7078125 0.83125 0.1375 0.24609375
3 0.91953125 0.8328125 0.1609375 0.334375
0 0.584375 0.92109375 0.128125 0.12109375