1 0.3734375 0.39296875 0.0375 0.05234375
1 0.30625 0.39375 0.0375 0.04609375
1 0.2515625 0.40625 0.04375 0.05390625
0 0.49765625 0.42265625 0.0390625 0.05
0 0.64296875 0.42890625 0.0484375 0.05390625
0 0.5890625 0.44765625 0.046875 0.05859375
1 0.71796875 0.47265625 0.0828125 0.12890625
0 0.515625 0.48203125 0.05 0.07734375
0 0.6203125 0.49140625 0.05625 0.07890625
1 0.68125 0.57265625 0.109375 0.175
1 0.8109375 0.59609375 0.109375 0.125
0 0.58515625 0.671875 0.0984375 0.16015625
0 0.2625 0.725 0.109375 0.1625