0 0.46484375 0.32578125 0.0234375 0.03125
0 0.5484375 0.33671875 0.025 0.03125
0 0.57578125 0.33671875 0.0296875 0.03984375
0 0.50625 0.34609375 0.028125 0.04609375
3 0.32890625 0.35625 0.0453125 0.07890625
0 0.38515625 0.35859375 0.0328125 0.03359375
0 0.4703125 0.35859375 0.03125 0.03359375
0 0.5296875 0.36640625 0.03125 0.0375
1 0.59140625 0.36953125 0.0359375 0.06484375
0 0.47890625 0.38125 0.0328125 0.04140625
0 0.37421875 0.39453125 0.0328125 0.03984375
0 0.55703125 0.39609375 0.0359375 0.05390625
0 0.64140625 0.415625 0.0390625 0.04765625
0 0.2921875 0.421875 0.040625 0.05234375
1 0.20234375 0.43359375 0.0703125 0.09140625
0 0.5015625 0.44140625 0.04375 0.0625
1 0.5984375 0.44375 0.053125 0.08359375
0 0.3515625 0.46953125 0.053125 0.06015625
1 0.14140625 0.471875 0.0859375 0.14375
0 0.5140625 0.49765625 0.053125 0.075
1 0.75859375 0.521875 0.0640625 0.11875
1 0.22734375 0.52890625 0.0671875 0.0875
3 0.70234375 0.5625 0.1703125 0.29140625
0 0.3234375 0.57109375 0.075 0.09609375
1 0.1265625 0.60078125 0.1375 0.17734375
1 0.88359375 0.63046875 0.1265625 0.20234375
2 0.59609375 0.64296875 0.1859375 0.33984375
0 0.20546875 0.915625 0.1390625 0.16875