1 0.334375 0.34140625 0.05 0.075
2 0.4796875 0.34921875 0.05625 0.08125
0 0.3828125 0.37109375 0.034375 0.04609375
1 0.278125 0.375 0.05 0.07109375
0 0.48671875 0.40078125 0.0421875 0.05234375
0 0.365625 0.41015625 0.04375 0.04609375
3 0.5890625 0.41953125 0.096875 0.15625
3 0.70234375 0.44453125 0.1109375 0.15625
0 0.24375 0.48046875 0.0625 0.06875
1 0.19375 0.54921875 0.09375 0.14375
0 0.33125 0.55234375 0.065625 0.09140625
0 0.5359375 0.56015625 0.06875 0.10859375
1 0.88203125 0.59453125 0.1640625 0.19765625
1 0.04453125 0.6125 0.0890625 0.1875
0 0.71953125 0.625 0.0984375 0.14140625
2 0.87890625 0.8015625 0.2421875 0.396875
0 0.7265625 0.915625 0.184375 0.16875