1 0.3109375 0.33125 0.034375 0.05859375
0 0.3453125 0.340625 0.028125 0.03984375
0 0.38828125 0.35 0.0296875 0.04609375
0 0.47890625 0.36328125 0.0421875 0.04375
0 0.35546875 0.38515625 0.0453125 0.05390625
0 0.4890625 0.40390625 0.053125 0.05
3 0.6015625 0.45234375 0.08125 0.1625
0 0.5125 0.46328125 0.0625 0.06484375
0 0.2484375 0.465625 0.0625 0.06875
0 0.52265625 0.53359375 0.0734375 0.09140625
3 0.83515625 0.5625 0.1640625 0.20859375
3 0.7296875 0.5875 0.190625 0.30859375
0 0.5578125 0.6375 0.10625 0.11640625
1 0.08828125 0.746875 0.1515625 0.25234375
0 0.58046875 0.75390625 0.1203125 0.17109375
0 0.646875 0.90078125 0.1625 0.18984375