1 0.33046875 0.296875 0.0328125 0.03984375
1 0.3671875 0.31328125 0.028125 0.05234375
0 0.390625 0.34765625 0.025 0.0375
3 0.29140625 0.38203125 0.0765625 0.14765625
0 0.36640625 0.403125 0.0359375 0.06484375
0 0.50546875 0.46875 0.0515625 0.05859375
0 0.5171875 0.50703125 0.065625 0.05234375
0 0.8078125 0.56484375 0.071875 0.09609375
0 0.53984375 0.56796875 0.0890625 0.11015625
3 0.70546875 0.575 0.1703125 0.3125
0 0.5703125 0.68984375 0.109375 0.1625
1 0.071875 0.7796875 0.14375 0.440625
1 0.88515625 0.8171875 0.2296875 0.365625