1 0.515625 0.32734375 0.034375 0.06640625
3 0.58671875 0.34296875 0.0484375 0.09375
3 0.53203125 0.34453125 0.0578125 0.09375
1 0.259375 0.35078125 0.071875 0.10234375
0 0.47265625 0.359375 0.0359375 0.03984375
1 0.3125 0.37578125 0.04375 0.07265625
1 0.1859375 0.41484375 0.096875 0.12890625
1 0.28125 0.42265625 0.0625 0.07109375
0 0.48984375 0.428125 0.0390625 0.06484375
1 0.61484375 0.43359375 0.0953125 0.15859375
0 0.25078125 0.49296875 0.0640625 0.07265625
0 0.34453125 0.49453125 0.0640625 0.07734375
0 0.15546875 0.5125 0.0703125 0.075
3 0.75703125 0.51328125 0.1296875 0.14375
0 0.52890625 0.53984375 0.0640625 0.1
1 0.703125 0.55625 0.115625 0.2125
1 0.0859375 0.69765625 0.171875 0.25