0 0.4078125 0.30234375 0.028125 0.0375
0 0.3734375 0.30390625 0.03125 0.02890625
1 0.315625 0.31484375 0.046875 0.06640625
0 0.3953125 0.325 0.040625 0.05
3 0.54609375 0.371875 0.0734375 0.10625
0 0.37890625 0.37890625 0.0515625 0.06640625
0 0.66640625 0.43125 0.0515625 0.075
1 0.5984375 0.45546875 0.090625 0.14375
0 0.49921875 0.4625 0.0484375 0.07109375
0 0.7140625 0.48203125 0.075 0.10234375
0 0.34140625 0.50234375 0.0921875 0.10859375
0 0.5296875 0.52421875 0.071875 0.10625
0 0.6609375 0.56640625 0.115625 0.15
0 0.8625 0.58828125 0.090625 0.12734375
0 0.56640625 0.62265625 0.1140625 0.16640625
3 0.925 0.72109375 0.15 0.30390625
0 0.603125 0.85703125 0.146875 0.26484375
0 0.91328125 0.934375 0.1734375 0.13125