3 0.384375 0.28203125 0.025 0.03515625
3 0.4796875 0.28359375 0.025 0.04609375
1 0.509375 0.29296875 0.01875 0.03125
0 0.37109375 0.31484375 0.0203125 0.025
0 0.3953125 0.321875 0.021875 0.02265625
1 0.3609375 0.325 0.021875 0.03359375
0 0.53125 0.32734375 0.01875 0.025
0 0.4734375 0.33359375 0.021875 0.025
2 0.340625 0.33671875 0.046875 0.06875
1 0.5609375 0.33671875 0.03125 0.04765625
0 0.39453125 0.35078125 0.0265625 0.03125
1 0.271875 0.36171875 0.0375 0.04765625
0 0.50234375 0.3625 0.0265625 0.03359375
1 0.321875 0.37265625 0.040625 0.05
0 0.54375 0.37421875 0.025 0.03125
0 0.37421875 0.38671875 0.0296875 0.03515625
1 0.2375 0.40078125 0.059375 0.07265625
0 0.534375 0.40859375 0.03125 0.04140625
0 0.36171875 0.41875 0.0390625 0.05
0 0.49921875 0.425 0.0359375 0.04609375
0 0.29296875 0.42578125 0.0390625 0.05625
0 0.584375 0.43125 0.04375 0.05390625
1 0.2390625 0.48671875 0.071875 0.09765625
1 0.1265625 0.50390625 0.08125 0.10390625
0 0.64140625 0.51171875 0.0265625 0.03515625
0 0.3296875 0.52421875 0.0625 0.08125
0 0.8875 0.559375 0.096875 0.12265625
0 0.23671875 0.640625 0.0984375 0.11484375
2 0.628125 0.70546875 0.215625 0.43125
0 0.784375 0.715625 0.115625 0.15234375
1 0.9859375 0.76796875 0.028125 0.22734375
0 0.91875 0.91328125 0.1625 0.17265625