0 0.40859375 0.30234375 0.0296875 0.0375
2 0.4671875 0.33046875 0.04375 0.06484375
0 0.390625 0.33125 0.034375 0.04140625
0 0.35390625 0.33515625 0.0265625 0.03359375
2 0.51640625 0.33671875 0.0515625 0.08125
0 0.2875 0.353125 0.046875 0.07265625
0 0.46953125 0.359375 0.0265625 0.03125
3 0.6 0.36640625 0.0625 0.1
0 0.4796875 0.36875 0.034375 0.0375
2 0.54921875 0.375 0.0671875 0.10859375
0 0.48046875 0.39453125 0.0328125 0.04375
0 0.48828125 0.40703125 0.0328125 0.03125
0 0.553125 0.41328125 0.040625 0.04375
0 0.6328125 0.41484375 0.0375 0.05
0 0.5015625 0.44609375 0.046875 0.0375
3 0.7234375 0.45703125 0.121875 0.18515625
0 0.59140625 0.46875 0.0515625 0.07890625
0 0.51171875 0.49765625 0.0578125 0.08359375
0 0.63828125 0.55 0.0765625 0.10859375
0 0.53046875 0.56171875 0.0828125 0.10234375
0 0.1921875 0.59140625 0.078125 0.09609375
2 0.865625 0.7765625 0.26875 0.446875
0 0.6453125 0.9 0.15 0.2