0 0.40703125 0.28515625 0.0265625 0.025
1 0.33828125 0.30078125 0.0296875 0.06875
0 0.37109375 0.303125 0.0265625 0.04375
0 0.40234375 0.303125 0.0203125 0.03125
0 0.3875 0.32421875 0.028125 0.03515625
0 0.33984375 0.3625 0.0484375 0.075
0 0.48359375 0.38359375 0.0390625 0.025
0 0.48984375 0.40234375 0.0390625 0.04140625
0 0.67734375 0.40859375 0.0859375 0.11640625
3 0.58515625 0.41328125 0.0765625 0.12734375
0 0.490625 0.41875 0.05 0.04609375
1 0.2890625 0.42109375 0.08125 0.11640625
0 0.51875 0.45390625 0.0625 0.05859375
0 0.52109375 0.50234375 0.0890625 0.0875
0 0.78203125 0.503125 0.1015625 0.09765625
3 0.096875 0.52578125 0.19375 0.21484375
3 0.6703125 0.53984375 0.134375 0.21640625
0 0.32109375 0.56484375 0.0890625 0.10859375
0 0.53984375 0.56640625 0.0984375 0.12109375
0 0.58125 0.68984375 0.140625 0.13359375
1 0.153125 0.69296875 0.25 0.23984375
3 0.84296875 0.73203125 0.3140625 0.53515625
0 0.6046875 0.83984375 0.159375 0.22109375
0 0.6703125 0.9375 0.15625 0.125