0 0.36953125 0.32109375 0.0234375 0.0375
0 0.5640625 0.34453125 0.034375 0.03984375
0 0.52421875 0.35703125 0.0296875 0.03984375
0 0.58046875 0.36328125 0.0296875 0.02734375
0 0.3328125 0.36484375 0.034375 0.04609375
0 0.60546875 0.36796875 0.0328125 0.04765625
0 0.37890625 0.378125 0.0328125 0.03984375
0 0.54296875 0.38671875 0.0296875 0.04765625
0 0.4859375 0.390625 0.0375 0.04375
3 0.678125 0.4125 0.109375 0.17890625
0 0.50234375 0.428125 0.0453125 0.06015625
3 0.584375 0.43203125 0.075 0.11484375
0 0.31484375 0.43671875 0.0484375 0.05625
0 0.5171875 0.51015625 0.059375 0.08359375
0 0.80546875 0.59453125 0.0921875 0.10234375
0 0.55390625 0.63125 0.0796875 0.125
0 0.70390625 0.63359375 0.0890625 0.11640625