0 0.58671875 0.36484375 0.0390625 0.05
0 0.5421875 0.384375 0.0375 0.03984375
0 0.6078125 0.39765625 0.034375 0.04140625
0 0.4875 0.4 0.034375 0.04140625
1 0.65234375 0.40625 0.0515625 0.06640625
0 0.575 0.4375 0.040625 0.05
0 0.49921875 0.43984375 0.0453125 0.05390625
1 0.153125 0.46015625 0.084375 0.09609375
3 0.75234375 0.48203125 0.1578125 0.23984375
0 0.53203125 0.515625 0.0703125 0.09765625
3 0.6578125 0.53515625 0.13125 0.1875
0 0.5796875 0.67109375 0.09375 0.14609375
0 0.95 0.78828125 0.1 0.15625
0 0.640625 0.8921875 0.14375 0.215625