0 0.37578125 0.37578125 0.0359375 0.04375
3 0.63203125 0.38125 0.0765625 0.125
1 0.315625 0.384375 0.046875 0.05625
3 0.565625 0.38515625 0.075 0.12890625
3 0.20625 0.41484375 0.0875 0.10390625
2 0.5078125 0.41875 0.084375 0.1375
1 0.28359375 0.43046875 0.0640625 0.08984375
0 0.721875 0.43984375 0.053125 0.05859375
0 0.36171875 0.44921875 0.0484375 0.05625
3 0.21328125 0.4875 0.0953125 0.10390625
0 0.7046875 0.4875 0.06875 0.10390625
1 0.84375 0.58828125 0.11875 0.18125
1 0.1046875 0.66640625 0.15 0.225
0 0.27109375 0.715625 0.1140625 0.13515625
0 0.62109375 0.86171875 0.1421875 0.19765625