0 0.58125 0.42890625 0.053125 0.0625
0 0.36328125 0.43515625 0.0578125 0.07890625
0 0.27890625 0.45234375 0.0515625 0.05859375
1 0.6234375 0.459375 0.078125 0.14765625
0 0.5125 0.475 0.053125 0.09609375
1 0.740625 0.496875 0.075 0.09375
1 0.66953125 0.53125 0.0921875 0.1375
3 0.078125 0.56171875 0.15625 0.31015625
0 0.33203125 0.56796875 0.0734375 0.08515625
0 0.54609375 0.59296875 0.0703125 0.11015625
0 0.190625 0.60625 0.0875 0.1
0 0.2625 0.76328125 0.115625 0.14375
0 0.60703125 0.81015625 0.1328125 0.225