2 0.59296875 0.32421875 0.0453125 0.06484375
3 0.56328125 0.325 0.0421875 0.05859375
0 0.384375 0.34609375 0.025 0.03359375
0 0.33671875 0.36640625 0.0328125 0.04609375
0 0.59921875 0.37421875 0.0359375 0.04765625
0 0.48203125 0.38046875 0.0390625 0.04375
0 0.30859375 0.390625 0.0390625 0.04765625
0 0.36953125 0.390625 0.0359375 0.04765625
3 0.5546875 0.39140625 0.059375 0.10390625
0 0.62890625 0.39765625 0.0421875 0.0625
0 0.49609375 0.40234375 0.0421875 0.05390625
3 0.20390625 0.40703125 0.0953125 0.11484375
0 0.65390625 0.42265625 0.0515625 0.05859375
0 0.48828125 0.42734375 0.0453125 0.05390625
0 0.503125 0.43828125 0.034375 0.04375
0 0.5765625 0.43828125 0.04375 0.07265625
0 0.27890625 0.44375 0.0515625 0.075
0 0.51015625 0.48203125 0.0546875 0.08125
3 0.778125 0.503125 0.165625 0.20625
0 0.53125 0.57109375 0.084375 0.11640625
0 0.68125 0.59453125 0.096875 0.15234375
0 0.875 0.66015625 0.128125 0.1375
0 0.278125 0.66875 0.1125 0.15859375
0 0.5796875 0.69453125 0.1 0.15625
0 0.89296875 0.8890625 0.1796875 0.221875