1 0.30703125 0.31953125 0.0453125 0.04375
3 0.35390625 0.32109375 0.0421875 0.0625
3 0.26953125 0.33828125 0.0578125 0.05625
0 0.3890625 0.34296875 0.03125 0.04375
1 0.5296875 0.346875 0.046875 0.07265625
0 0.47421875 0.34765625 0.0328125 0.04609375
1 0.5859375 0.36953125 0.05 0.07734375
0 0.371875 0.378125 0.040625 0.04765625
2 0.309375 0.38125 0.071875 0.1
1 0.225 0.39921875 0.053125 0.08125
1 0.35 0.44921875 0.05625 0.06875
0 0.63125 0.50625 0.0625 0.07890625
0 0.54921875 0.515625 0.0609375 0.09375
0 0.1546875 0.60625 0.096875 0.12890625
0 0.28828125 0.66640625 0.0828125 0.1