0 0.3125 0.32578125 0.0375 0.04765625
3 0.59765625 0.34375 0.0515625 0.1
3 0.540625 0.35703125 0.059375 0.11015625
2 0.48671875 0.365625 0.0546875 0.09765625
0 0.38203125 0.371875 0.0328125 0.04765625
0 0.64453125 0.37578125 0.0359375 0.03515625
0 0.24609375 0.3875 0.0515625 0.08359375
0 0.3015625 0.39453125 0.040625 0.08125
0 0.359375 0.42578125 0.053125 0.06015625
0 0.51015625 0.47109375 0.0484375 0.07890625
3 0.65390625 0.51484375 0.1390625 0.24140625
3 0.8078125 0.53046875 0.159375 0.23125
0 0.2359375 0.87421875 0.1375 0.17265625