1 0.271875 0.34921875 0.05625 0.08984375
0 0.38671875 0.36015625 0.0296875 0.03359375
0 0.32734375 0.37421875 0.0328125 0.04375
1 0.29375 0.40546875 0.05625 0.09375
3 0.6640625 0.409375 0.078125 0.14765625
0 0.4921875 0.41328125 0.034375 0.04765625
3 0.6 0.43046875 0.10625 0.16484375
0 0.359375 0.44765625 0.05 0.05859375
3 0.128125 0.4625 0.16875 0.21640625
0 0.509375 0.465625 0.05 0.07265625
0 0.2453125 0.49765625 0.0625 0.07109375
0 0.328125 0.521875 0.05625 0.07265625
1 0.09140625 0.665625 0.1171875 0.13515625
0 0.57421875 0.703125 0.1015625 0.14765625
3 0.859375 0.74140625 0.28125 0.475