3 0.490625 0.30078125 0.025 0.05234375
1 0.5296875 0.31328125 0.01875 0.03984375
1 0.31015625 0.33984375 0.0265625 0.04609375
1 0.33984375 0.35234375 0.0171875 0.05390625
0 0.4703125 0.359375 0.021875 0.03984375
0 0.3671875 0.37578125 0.028125 0.03984375
1 0.2625 0.38203125 0.040625 0.07265625
1 0.61640625 0.384375 0.0328125 0.08125
1 0.490625 0.390625 0.034375 0.03125
0 0.56328125 0.390625 0.0359375 0.06015625
0 0.21953125 0.421875 0.0390625 0.08984375
0 0.36328125 0.42734375 0.0390625 0.06640625
0 0.578125 0.46484375 0.046875 0.075
0 0.2859375 0.46953125 0.053125 0.06484375
0 0.640625 0.50859375 0.046875 0.07890625
0 0.1921875 0.51796875 0.05625 0.07734375
0 0.33359375 0.53203125 0.0453125 0.08125
0 0.22109375 0.55703125 0.0640625 0.10234375
0 0.30390625 0.609375 0.0671875 0.11875
0 0.72421875 0.66953125 0.1109375 0.12265625
1 0.06328125 0.70703125 0.0984375 0.24765625
0 0.6171875 0.803125 0.1 0.13515625
0 0.89296875 0.86171875 0.1140625 0.19375
0 0.20625 0.95 0.125 0.1