2 0.51875 0.33359375 0.053125 0.07890625
2 0.5421875 0.36796875 0.053125 0.09375
3 0.6625 0.3875 0.1 0.1125
0 0.48125 0.39296875 0.0375 0.04375
2 0.58359375 0.42734375 0.0828125 0.14609375
0 0.490625 0.43515625 0.05 0.0625
0 0.27734375 0.43828125 0.0484375 0.05234375
0 0.509375 0.45234375 0.04375 0.0375
0 0.3390625 0.48125 0.053125 0.0625
0 0.71640625 0.490625 0.0359375 0.06484375
3 0.65546875 0.5 0.1234375 0.22890625
0 0.51484375 0.50625 0.0640625 0.0875
0 0.7609375 0.52578125 0.065625 0.07265625
0 0.5515625 0.57265625 0.096875 0.12109375
0 0.79765625 0.578125 0.0703125 0.09765625
0 0.88515625 0.64453125 0.1171875 0.15234375
0 0.72890625 0.66875 0.1046875 0.15
0 0.5765625 0.70859375 0.10625 0.15
0 0.26015625 0.74296875 0.1203125 0.16484375
0 0.95703125 0.765625 0.0859375 0.13984375
0 0.64921875 0.921875 0.1671875 0.15625