0 0.390625 0.34921875 0.0375 0.04375
0 0.56328125 0.35 0.0359375 0.03359375
0 0.51640625 0.35078125 0.0359375 0.05625
3 0.27734375 0.353125 0.0484375 0.09375
3 0.33046875 0.36484375 0.0515625 0.0875
0 0.48125 0.36484375 0.040625 0.04609375
0 0.3609375 0.42734375 0.05625 0.07109375
3 0.62578125 0.45546875 0.1234375 0.17265625
0 0.51015625 0.47421875 0.0640625 0.08125
1 0.83125 0.50859375 0.140625 0.17109375
1 0.078125 0.51015625 0.1125 0.15390625
0 0.5515625 0.5875 0.08125 0.1125
0 0.3046875 0.6125 0.09375 0.1375
0 0.14765625 0.63046875 0.1328125 0.15625
3 0.81171875 0.68359375 0.2578125 0.375
0 0.13828125 0.721875 0.0015625 0.00234375