3 0.51171875 0.31328125 0.0671875 0.07734375
1 0.559375 0.34296875 0.040625 0.08125
0 0.5046875 0.35 0.03125 0.04609375
0 0.48671875 0.36640625 0.0390625 0.0375
0 0.38828125 0.37265625 0.0546875 0.0375
1 0.296875 0.37734375 0.05625 0.08359375
0 0.3765625 0.41875 0.071875 0.05859375
0 0.4953125 0.425 0.065625 0.05859375
1 0.2671875 0.43828125 0.06875 0.08515625
0 0.5109375 0.49375 0.078125 0.09609375
0 0.35078125 0.50625 0.0671875 0.0875
0 0.846875 0.51328125 0.0625 0.10234375
1 0.78046875 0.53515625 0.1140625 0.19609375
0 0.678125 0.57890625 0.090625 0.12890625
0 0.55234375 0.58203125 0.1078125 0.12265625
0 0.25546875 0.7625 0.1515625 0.175
0 0.84375 0.85625 0.171875 0.25390625