1 0.37890625 0.35546875 0.0265625 0.03125
3 0.5546875 0.38203125 0.065625 0.11015625
1 0.640625 0.415625 0.05625 0.07265625
0 0.4921875 0.42109375 0.040625 0.04609375
0 0.59453125 0.471875 0.0546875 0.06484375
0 0.68671875 0.478125 0.0640625 0.07734375
1 0.13984375 0.48046875 0.0796875 0.12265625
0 0.33203125 0.49765625 0.0609375 0.06640625
0 0.53359375 0.51484375 0.0578125 0.075
1 0.77734375 0.534375 0.1015625 0.14765625
3 0.928125 0.646875 0.14375 0.35625
0 0.565625 0.65859375 0.09375 0.11640625
0 0.71875 0.66015625 0.109375 0.1375