3 0.56875 0.334375 0.04375 0.07265625
3 0.52578125 0.34609375 0.0578125 0.10390625
0 0.47578125 0.35625 0.0359375 0.0625
0 0.6140625 0.35859375 0.0375 0.04609375
0 0.33359375 0.36328125 0.0453125 0.04765625
0 0.25390625 0.39375 0.0515625 0.0625
0 0.35625 0.40390625 0.053125 0.05
1 0.30078125 0.40703125 0.0765625 0.11484375
0 0.66875 0.40859375 0.059375 0.0625
0 0.49296875 0.42265625 0.0421875 0.0625
1 0.75546875 0.46171875 0.0453125 0.08984375
0 0.353125 0.46796875 0.065625 0.07734375
1 0.7203125 0.48984375 0.08125 0.14140625
0 0.35234375 0.50078125 0.0734375 0.08515625
0 0.9171875 0.56484375 0.1 0.05390625
0 0.55078125 0.56875 0.0890625 0.15390625
0 0.74453125 0.66328125 0.1140625 0.17734375
1 0.9234375 0.71953125 0.153125 0.24765625
0 0.67109375 0.9140625 0.1671875 0.171875