1 0.3515625 0.290625 0.034375 0.05625
0 0.378125 0.30078125 0.021875 0.03515625
0 0.4015625 0.30078125 0.025 0.03515625
3 0.56875 0.32109375 0.05625 0.05390625
0 0.52265625 0.33984375 0.0484375 0.05859375
3 0.334375 0.36015625 0.046875 0.06640625
3 0.54140625 0.36171875 0.0515625 0.08515625
0 0.4765625 0.365625 0.034375 0.02734375
0 0.48359375 0.384375 0.0359375 0.02265625
0 0.49296875 0.396875 0.0390625 0.02734375
0 0.37578125 0.40703125 0.0484375 0.07734375
3 0.19375 0.41953125 0.103125 0.15625
3 0.60390625 0.43515625 0.1109375 0.17890625
0 0.490625 0.43984375 0.05 0.075
3 0.71796875 0.440625 0.1453125 0.18125
3 0.278125 0.45078125 0.071875 0.11015625
0 0.5171875 0.46328125 0.05625 0.06015625
0 0.525 0.50703125 0.075 0.08515625
0 0.3359375 0.51953125 0.078125 0.09375
3 0.7015625 0.58125 0.190625 0.30390625
0 0.54375 0.58828125 0.096875 0.13125
0 0.29140625 0.68515625 0.1109375 0.15859375
0 0.58515625 0.71015625 0.1265625 0.1375
3 0.85390625 0.75390625 0.2921875 0.49140625
3 0.0796875 0.77265625 0.159375 0.38359375
0 0.6234375 0.8859375 0.175 0.228125