3 0.334375 0.33984375 0.046875 0.0625
1 0.29453125 0.34375 0.0453125 0.07109375
3 0.54140625 0.35625 0.0546875 0.1
0 0.378125 0.375 0.034375 0.04609375
0 0.48125 0.38125 0.034375 0.04140625
0 0.33203125 0.38359375 0.0359375 0.04140625
1 0.6140625 0.38828125 0.053125 0.07734375
0 0.4921875 0.43046875 0.040625 0.06015625
0 0.35859375 0.44140625 0.0453125 0.05390625
1 0.1828125 0.44453125 0.075 0.10234375
0 0.515625 0.48125 0.05625 0.07109375
0 0.2421875 0.509375 0.065625 0.07265625
0 0.33125 0.51640625 0.065625 0.0875
0 0.57578125 0.6 0.0828125 0.10859375