2 0.534375 0.35859375 0.0625 0.0875
0 0.4734375 0.36328125 0.028125 0.03125
3 0.6625 0.3875 0.1 0.1125
0 0.48125 0.39296875 0.0375 0.04375
0 0.490625 0.43515625 0.05 0.0625
2 0.58515625 0.43515625 0.0828125 0.15859375
0 0.509375 0.45234375 0.04375 0.0375
0 0.3453125 0.46484375 0.053125 0.0625
0 0.71640625 0.490625 0.0359375 0.06484375
3 0.65546875 0.5 0.1234375 0.22890625
0 0.51484375 0.50625 0.0640625 0.0875
0 0.7609375 0.52578125 0.065625 0.07265625
0 0.5515625 0.57265625 0.096875 0.12109375
0 0.79765625 0.578125 0.0703125 0.09765625
0 0.88515625 0.64453125 0.1171875 0.15234375
0 0.73671875 0.67734375 0.1046875 0.15
0 0.278125 0.67890625 0.1 0.14609375
0 0.5765625 0.70859375 0.10625 0.15