1 0.34453125 0.34765625 0.0421875 0.05390625
3 0.27421875 0.34921875 0.0671875 0.08984375
0 0.38515625 0.36171875 0.0328125 0.03515625
0 0.3796875 0.38984375 0.040625 0.05390625
1 0.2953125 0.41953125 0.075 0.12734375
0 0.4921875 0.45234375 0.05 0.07109375
0 0.70234375 0.47265625 0.0484375 0.09140625
0 0.52109375 0.475 0.0546875 0.05
3 0.62578125 0.47734375 0.1421875 0.20859375
1 0.2140625 0.51171875 0.109375 0.13125
3 0.815625 0.51640625 0.16875 0.20390625
0 0.528125 0.534375 0.0625 0.10234375
0 0.5453125 0.61640625 0.078125 0.13359375
0 0.946875 0.65390625 0.10625 0.15
3 0.77734375 0.68984375 0.2515625 0.35
0 0.2578125 0.7625 0.153125 0.19140625
0 0.6046875 0.76953125 0.140625 0.17734375
3 0.90078125 0.8234375 0.1984375 0.353125