3 0.54453125 0.359375 0.0640625 0.11875
0 0.478125 0.36796875 0.040625 0.05234375
0 0.37890625 0.37265625 0.0421875 0.05859375
1 0.25703125 0.38359375 0.0421875 0.07109375
0 0.4875 0.40390625 0.04375 0.0375
3 0.584375 0.415625 0.071875 0.11484375
0 0.290625 0.43359375 0.046875 0.05859375
0 0.5015625 0.44921875 0.05 0.03515625
3 0.7265625 0.46015625 0.10625 0.1375
0 0.33515625 0.49296875 0.0671875 0.06875
3 0.64921875 0.49609375 0.1390625 0.2375
0 0.5140625 0.50625 0.05625 0.09609375
0 0.540625 0.596875 0.09375 0.10625
1 0.86640625 0.625 0.1578125 0.18359375
0 0.565625 0.696875 0.096875 0.15234375
0 0.2484375 0.7125 0.1375 0.17890625
0 0.6234375 0.82421875 0.134375 0.19765625
0 0.915625 0.9078125 0.165625 0.184375
0 0.68125 0.95625 0.140625 0.0875