1 0.31796875 0.365625 0.0578125 0.08515625
0 0.38515625 0.38203125 0.0359375 0.04765625
0 0.478125 0.384375 0.040625 0.04765625
3 0.56171875 0.39296875 0.0828125 0.12734375
0 0.3640625 0.41953125 0.05 0.05625
1 0.24765625 0.43046875 0.0640625 0.09765625
3 0.675 0.43125 0.09375 0.14609375
0 0.51171875 0.484375 0.0546875 0.08984375
0 0.3265625 0.52578125 0.0625 0.07265625
0 0.6375 0.52578125 0.0625 0.11015625
0 0.14140625 0.61484375 0.1046875 0.10390625
2 0.79140625 0.6625 0.2640625 0.35859375
0 0.621875 0.69609375 0.125 0.17109375
0 0.96015625 0.75078125 0.0796875 0.15234375