3 0.5359375 0.35625 0.05625 0.10390625
3 0.32734375 0.35703125 0.0359375 0.05234375
3 0.27265625 0.36328125 0.0421875 0.06484375
0 0.4796875 0.38984375 0.03125 0.04609375
0 0.54453125 0.396875 0.0203125 0.04765625
0 0.36640625 0.41640625 0.0421875 0.0625
3 0.66328125 0.41875 0.0546875 0.09140625
2 0.59140625 0.425 0.0921875 0.15
0 0.4953125 0.428125 0.04375 0.07265625
0 0.20859375 0.43984375 0.0515625 0.0625
0 0.33046875 0.48046875 0.0578125 0.06875
0 0.69921875 0.48203125 0.0578125 0.08125
0 0.51796875 0.50078125 0.0640625 0.08984375
0 0.55234375 0.59921875 0.0796875 0.11875
3 0.89765625 0.60625 0.2046875 0.35390625
0 0.75 0.70703125 0.11875 0.16484375
3 0.08203125 0.73671875 0.1640625 0.38515625
0 0.6203125 0.840625 0.140625 0.24375