1 0.26328125 0.36796875 0.0515625 0.06875
0 0.38203125 0.37578125 0.0515625 0.04765625
0 0.32734375 0.40234375 0.0578125 0.0625
3 0.6765625 0.41875 0.103125 0.125
0 0.60078125 0.45078125 0.0546875 0.07265625
0 0.5140625 0.49609375 0.065625 0.08359375
0 0.61484375 0.49921875 0.0578125 0.07734375
0 0.71796875 0.5 0.0671875 0.10390625
1 0.19296875 0.534375 0.1234375 0.18515625
0 0.53203125 0.54375 0.0734375 0.09609375
0 0.328125 0.54609375 0.090625 0.10859375
1 0.65078125 0.55234375 0.0890625 0.16640625
0 0.775 0.55234375 0.059375 0.08359375
0 0.59296875 0.62109375 0.0921875 0.14609375
3 0.90078125 0.63671875 0.1984375 0.43515625
1 0.76328125 0.66796875 0.1671875 0.29765625
1 0.54375 0.67578125 0.115625 0.21484375
0 0.2796875 0.71484375 0.115625 0.15390625
0 0.65546875 0.971875 0.1828125 0.05625