3 0.29296875 0.34140625 0.0734375 0.07890625
1 0.321875 0.37265625 0.065625 0.09609375
1 0.2734375 0.43671875 0.1125 0.10625
0 0.503125 0.44765625 0.05625 0.0625
0 0.53203125 0.48203125 0.0640625 0.04765625
0 0.71796875 0.48828125 0.0484375 0.08515625
3 0.64375 0.49609375 0.1375 0.22890625
0 0.32421875 0.51953125 0.0734375 0.10625
0 0.53046875 0.53671875 0.0671875 0.08984375
3 0.840625 0.540625 0.184375 0.23125
2 0.5578125 0.62578125 0.10625 0.11484375
3 0.80859375 0.703125 0.2609375 0.36875
3 0.09453125 0.73125 0.1890625 0.52109375
0 0.62265625 0.8 0.1703125 0.1875