1 0.62109375 0.40546875 0.0578125 0.10234375
0 0.49375 0.409375 0.04375 0.06484375
0 0.56875 0.42421875 0.05 0.05625
3 0.7015625 0.4375 0.115625 0.16640625
1 0.1625 0.44609375 0.075 0.09140625
1 0.596875 0.471875 0.059375 0.08984375
0 0.5109375 0.478125 0.05 0.07265625
0 0.3171875 0.55546875 0.0625 0.07734375
1 0.66953125 0.55625 0.0984375 0.17109375
0 0.546875 0.578125 0.084375 0.11875
3 0.1375 0.6125 0.19375 0.26640625
3 0.92578125 0.67109375 0.1484375 0.30390625
0 0.671875 0.890625 0.146875 0.21875