0 0.38359375 0.34765625 0.0296875 0.03359375
0 0.28984375 0.35625 0.0328125 0.0375
1 0.54140625 0.36328125 0.0453125 0.07265625
0 0.48203125 0.38125 0.0359375 0.04609375
3 0.6578125 0.40078125 0.075 0.11875
0 0.5046875 0.41875 0.040625 0.05
0 0.36015625 0.41953125 0.0421875 0.04765625
2 0.60078125 0.421875 0.0828125 0.13984375
0 0.73515625 0.44296875 0.0546875 0.06484375
0 0.5328125 0.525 0.065625 0.075
3 0.80625 0.52890625 0.165625 0.175
1 0.67734375 0.57109375 0.0859375 0.15859375
0 0.56953125 0.66640625 0.0890625 0.12109375
1 0.81484375 0.740625 0.2046875 0.38515625
0 0.17265625 0.92265625 0.1703125 0.15390625