0 0.3890625 0.35 0.040625 0.04140625
1 0.32421875 0.359375 0.0546875 0.09375
0 0.38046875 0.38203125 0.0484375 0.05234375
0 0.3484375 0.41875 0.059375 0.06640625
0 0.64296875 0.41953125 0.0390625 0.07265625
3 0.70234375 0.44453125 0.1359375 0.16015625
0 0.6109375 0.46875 0.075 0.0875
0 0.5171875 0.5125 0.075 0.09609375
0 0.328125 0.51328125 0.09375 0.12265625
1 0.7640625 0.553125 0.090625 0.10625
0 0.853125 0.55390625 0.1 0.09140625
0 0.540625 0.56796875 0.084375 0.10625
0 0.6828125 0.59453125 0.0875 0.13515625
3 0.94921875 0.63984375 0.1015625 0.30859375
0 0.8578125 0.64375 0.096875 0.125
0 0.14765625 0.66640625 0.1484375 0.18359375
1 0.775 0.721875 0.165625 0.25234375
0 0.621875 0.728125 0.115625 0.19375
0 0.2421875 0.78671875 0.146875 0.23125
1 0.5828125 0.85625 0.171875 0.2875
1 0.91171875 0.8671875 0.1765625 0.265625