0 0.3265625 0.38671875 0.06875 0.11015625
1 0.21796875 0.40625 0.0640625 0.09140625
3 0.653125 0.41328125 0.10625 0.11484375
0 0.51640625 0.49140625 0.0640625 0.08359375
1 0.625 0.51328125 0.090625 0.13984375
0 0.52890625 0.52578125 0.0703125 0.08984375
0 0.73828125 0.53046875 0.0578125 0.09375
0 0.32734375 0.55859375 0.0953125 0.12109375
1 0.696875 0.58203125 0.159375 0.25234375
3 0.87734375 0.59140625 0.2453125 0.45390625
0 0.5765625 0.59765625 0.078125 0.12890625
1 0.5359375 0.65390625 0.1 0.19609375
0 0.20703125 0.72109375 0.1484375 0.17890625
1 0.91328125 0.8671875 0.1734375 0.265625
0 0.609375 0.87421875 0.171875 0.23515625