0 0.37890625 0.303125 0.0171875 0.01875
0 0.49453125 0.31875 0.0234375 0.03359375
0 0.3984375 0.32265625 0.025 0.025
2 0.2921875 0.32734375 0.05 0.0625
0 0.39296875 0.3375 0.0265625 0.03359375
0 0.46484375 0.33984375 0.0234375 0.0375
0 0.5078125 0.34296875 0.01875 0.05234375
3 0.53828125 0.35 0.0546875 0.1
0 0.47734375 0.36328125 0.0328125 0.04375
0 0.38203125 0.38125 0.0359375 0.04140625
1 0.30546875 0.384375 0.0671875 0.09765625
0 0.25 0.39453125 0.04375 0.05625
3 0.578125 0.40546875 0.075 0.13515625
0 0.49609375 0.4375 0.0453125 0.07890625
0 0.3625 0.44921875 0.053125 0.06015625
1 0.6796875 0.45078125 0.078125 0.12734375
0 0.18203125 0.45703125 0.0515625 0.04765625
0 0.34140625 0.53203125 0.0703125 0.08515625
0 0.04453125 0.58125 0.0859375 0.1125
3 0.15625 0.59140625 0.1625 0.2375
1 0.91640625 0.6875 0.1671875 0.23359375
0 0.2765625 0.73515625 0.125 0.15859375
0 0.5953125 0.759375 0.1125 0.15625