0 0.37734375 0.38046875 0.0359375 0.04375
3 0.6375 0.384375 0.0625 0.10234375
0 0.26328125 0.38828125 0.0390625 0.04375
0 0.4953125 0.39921875 0.034375 0.04375
2 0.578125 0.40234375 0.071875 0.11640625
0 0.51640625 0.47421875 0.0546875 0.06484375
3 0.73984375 0.496875 0.1265625 0.17265625
0 0.33359375 0.49921875 0.0609375 0.08125
1 0.63203125 0.51328125 0.0765625 0.13515625
0 0.5390625 0.56796875 0.065625 0.08984375
1 0.721875 0.60546875 0.1375 0.26875
0 0.93515625 0.62421875 0.1015625 0.11484375
0 0.61796875 0.7875 0.1234375 0.18359375
1 0.8984375 0.83828125 0.203125 0.32265625