0 0.2359375 0.38828125 0.0625 0.08125
3 0.66640625 0.41171875 0.1015625 0.11875
0 0.57421875 0.41953125 0.0328125 0.04375
0 0.36015625 0.44375 0.0546875 0.07109375
0 0.59921875 0.44375 0.0484375 0.0625
0 0.5125 0.46484375 0.046875 0.05859375
0 0.51796875 0.47265625 0.0421875 0.04140625
0 0.51796875 0.490625 0.0546875 0.07734375
0 0.28125 0.50390625 0.065625 0.08359375
1 0.63828125 0.51171875 0.0890625 0.12265625
0 0.5328125 0.52578125 0.071875 0.08125
3 0.8890625 0.6 0.221875 0.38359375
1 0.71328125 0.60546875 0.1453125 0.22265625
0 0.58515625 0.609375 0.0765625 0.12734375
0 0.49609375 0.63203125 0.0015625 0.00234375
1 0.54296875 0.64453125 0.0890625 0.16875
1 0.03125 0.83984375 0.0625 0.3
0 0.6234375 0.90625 0.134375 0.1875
0 0.1734375 0.96328125 0.146875 0.07265625