2 0.6046875 0.37421875 0.06875 0.10234375
1 0.57578125 0.41171875 0.0484375 0.08984375
0 0.521875 0.43984375 0.046875 0.07109375
0 0.59140625 0.4625 0.0546875 0.07109375
0 0.7203125 0.46953125 0.071875 0.07734375
0 0.25234375 0.49609375 0.0484375 0.05859375
1 0.64921875 0.52109375 0.0640625 0.10390625
0 0.77109375 0.5625 0.0703125 0.08359375
0 0.53828125 0.57265625 0.0734375 0.1125
1 0.68828125 0.58046875 0.1015625 0.17265625
1 0.91328125 0.65078125 0.1703125 0.25625
0 0.61640625 0.76953125 0.1234375 0.18515625