1 0.3671875 0.41171875 0.040625 0.05234375
1 0.2953125 0.41171875 0.04375 0.05234375
0 0.634375 0.41953125 0.04375 0.04765625
1 0.23359375 0.42578125 0.0484375 0.05625
0 0.5828125 0.43984375 0.046875 0.05859375
1 0.70078125 0.459375 0.0765625 0.11875
0 0.5125 0.46953125 0.05 0.07734375
0 0.6125 0.475 0.05625 0.07890625
1 0.665625 0.55234375 0.096875 0.15859375
1 0.78046875 0.5625 0.0984375 0.1125
0 0.571875 0.62578125 0.0875 0.12734375
1 0.8703125 0.86640625 0.209375 0.2625
0 0.20390625 0.896875 0.1609375 0.20625