1 0.33828125 0.34453125 0.0390625 0.06484375
0 0.29375 0.35625 0.03125 0.03359375
0 0.28515625 0.36328125 0.0296875 0.02734375
0 0.48984375 0.37421875 0.0359375 0.04765625
0 0.371875 0.37734375 0.04375 0.05859375
1 0.2984375 0.39453125 0.05625 0.06484375
0 0.49765625 0.41796875 0.0453125 0.06015625
1 0.21171875 0.43046875 0.0515625 0.07265625
0 0.365625 0.453125 0.059375 0.07265625
3 0.62890625 0.45859375 0.1109375 0.20390625
0 0.2671875 0.48046875 0.05625 0.06875
0 0.10078125 0.55625 0.0828125 0.08359375
0 0.31796875 0.596875 0.0796875 0.08515625
0 0.578125 0.63359375 0.096875 0.13359375
3 0.0671875 0.79375 0.134375 0.4
0 0.2015625 0.9109375 0.15 0.178125