1 0.309375 0.40703125 0.059375 0.08984375
3 0.6765625 0.40859375 0.1 0.11640625
3 0.58125 0.41484375 0.078125 0.15
0 0.490625 0.44140625 0.04375 0.04140625
0 0.51875 0.44765625 0.046875 0.04140625
0 0.5140625 0.478125 0.059375 0.04375
3 0.09375 0.49765625 0.1375 0.19609375
0 0.79375 0.503125 0.08125 0.09765625
3 0.659375 0.52421875 0.134375 0.21015625
0 0.5171875 0.52890625 0.0625 0.07890625
0 0.328125 0.53515625 0.065625 0.1125
0 0.53828125 0.5625 0.0671875 0.10390625
1 0.16875 0.640625 0.115625 0.19375
0 0.58203125 0.68359375 0.0953125 0.15390625
3 0.89921875 0.8265625 0.2015625 0.346875
0 0.61875 0.853125 0.134375 0.24375
0 0.18828125 0.91875 0.1734375 0.1625
0 0.684375 0.94140625 0.175 0.11640625