1 0.2578125 0.36875 0.040625 0.05859375
0 0.47890625 0.375 0.0328125 0.04609375
0 0.384375 0.38828125 0.034375 0.04375
0 0.6109375 0.39765625 0.0375 0.05
1 0.22734375 0.40078125 0.0546875 0.07265625
0 0.559375 0.40234375 0.0375 0.05859375
0 0.659375 0.43828125 0.053125 0.06015625
1 0.24140625 0.46171875 0.0765625 0.11484375
0 0.5109375 0.48515625 0.05625 0.07890625
0 0.34296875 0.496875 0.0578125 0.06875
0 0.1328125 0.5 0.0625 0.0875
1 0.18515625 0.54140625 0.1015625 0.1625
0 0.640625 0.55078125 0.06875 0.08984375
1 0.80078125 0.56328125 0.1796875 0.18125
0 0.55078125 0.59375 0.0765625 0.10390625
0 0.296875 0.6375 0.084375 0.09140625
0 0.76953125 0.709375 0.1140625 0.12734375
0 0.2296875 0.828125 0.1375 0.16484375