0 0.4015625 0.30234375 0.01875 0.02890625
0 0.37265625 0.30546875 0.0203125 0.03125
0 0.46328125 0.33203125 0.0234375 0.03125
0 0.35 0.33515625 0.03125 0.03359375
0 0.39296875 0.3375 0.0296875 0.04140625
3 0.56953125 0.34453125 0.0578125 0.09765625
0 0.478125 0.35078125 0.03125 0.03984375
0 0.5171875 0.36328125 0.040625 0.05234375
0 0.4828125 0.375 0.0375 0.05
1 0.5546875 0.396875 0.05 0.08125
0 0.3515625 0.42734375 0.046875 0.06640625
0 0.5 0.42890625 0.05 0.0625
0 0.5203125 0.49140625 0.059375 0.07890625
3 0.89375 0.65390625 0.2125 0.30859375
0 0.60703125 0.72421875 0.1453125 0.21015625
0 0.68203125 0.91328125 0.1859375 0.17265625