3 0.35625 0.31484375 0.046875 0.06640625
0 0.4 0.33671875 0.040625 0.05234375
0 0.2875 0.35625 0.046875 0.04609375
3 0.63671875 0.38828125 0.0921875 0.11875
0 0.26875 0.390625 0.046875 0.06015625
3 0.78984375 0.46953125 0.1953125 0.21875
0 0.51953125 0.49375 0.0640625 0.0875
0 0.52890625 0.52734375 0.0609375 0.075
1 0.1984375 0.534375 0.15 0.21484375
1 0.66796875 0.54375 0.1046875 0.20390625
0 0.56328125 0.575 0.0859375 0.10859375
1 0.53828125 0.62890625 0.0953125 0.17109375
3 0.853125 0.72734375 0.23125 0.4125
0 0.58203125 0.734375 0.1203125 0.16875
0 0.6125 0.875 0.15 0.25
3 0.971875 0.8875 0.05625 0.225