3 0.3609375 0.31015625 0.0375 0.0625
3 0.5109375 0.32421875 0.0375 0.06015625
0 0.3921875 0.32890625 0.028125 0.0375
3 0.28984375 0.33671875 0.0578125 0.05625
0 0.3796875 0.359375 0.034375 0.03984375
2 0.32109375 0.36328125 0.0640625 0.08125
0 0.47890625 0.36875 0.0328125 0.04609375
1 0.54765625 0.36875 0.0421875 0.0875
1 0.2515625 0.37890625 0.053125 0.075
1 0.621875 0.40078125 0.05 0.07734375
1 0.371875 0.40234375 0.04375 0.0625
0 0.228125 0.496875 0.06875 0.08515625
0 0.33359375 0.51953125 0.0578125 0.06484375
0 0.59765625 0.64375 0.0921875 0.1375