0 0.578125 0.359375 0.034375 0.05234375
0 0.53046875 0.371875 0.0296875 0.03984375
0 0.5984375 0.38359375 0.034375 0.04140625
1 0.634375 0.38984375 0.04375 0.05859375
0 0.5609375 0.41328125 0.034375 0.04765625
0 0.490625 0.41875 0.0375 0.05390625
3 0.71328125 0.44609375 0.1203125 0.2
0 0.515625 0.47421875 0.059375 0.07734375
3 0.6171875 0.478125 0.096875 0.13125
1 0.0640625 0.52890625 0.128125 0.15
0 0.54453125 0.58828125 0.0796875 0.11484375
0 0.89921875 0.70078125 0.1296875 0.12265625
0 0.59140625 0.76640625 0.1078125 0.17890625
0 0.821875 0.82421875 0.14375 0.16484375