0 0.46328125 0.32265625 0.0234375 0.0375
1 0.515625 0.33203125 0.028125 0.05234375
0 0.3796875 0.3375 0.03125 0.02890625
0 0.334375 0.35546875 0.03125 0.04765625
0 0.37421875 0.37109375 0.0328125 0.03359375
0 0.48671875 0.37265625 0.0328125 0.03359375
0 0.50859375 0.43125 0.0421875 0.05859375
2 0.2296875 0.47109375 0.13125 0.17890625
0 0.54296875 0.50078125 0.0671875 0.09375
1 0.0765625 0.534375 0.153125 0.18984375
0 0.759375 0.67890625 0.103125 0.14609375
0 0.25234375 0.74296875 0.1296875 0.15625