2 0.4640625 0.33671875 0.04375 0.06484375
3 0.52578125 0.33671875 0.0515625 0.08125
0 0.38046875 0.35390625 0.0328125 0.04609375
0 0.46953125 0.359375 0.0265625 0.03125
1 0.3078125 0.38984375 0.046875 0.06640625
1 0.2375 0.39921875 0.059375 0.07734375
1 0.6515625 0.41484375 0.0625 0.0875
2 0.578125 0.415625 0.084375 0.12734375
0 0.48828125 0.41796875 0.0546875 0.06484375
0 0.67109375 0.46484375 0.0578125 0.06640625
0 0.7421875 0.46484375 0.053125 0.075
0 0.509375 0.48125 0.059375 0.09140625
1 0.3453125 0.48984375 0.05625 0.0875
1 0.12734375 0.51796875 0.0828125 0.09765625
0 0.534375 0.56015625 0.065625 0.09609375
3 0.8703125 0.57265625 0.228125 0.29140625
0 0.2859375 0.62734375 0.08125 0.10390625
0 0.69765625 0.62890625 0.0953125 0.12109375
0 0.5765625 0.70625 0.1 0.17109375
0 0.69609375 0.93828125 0.1765625 0.12265625