3 0.57265625 0.31015625 0.0578125 0.06640625
1 0.315625 0.3125 0.03125 0.05
0 0.39921875 0.315625 0.0265625 0.04375
0 0.36171875 0.31796875 0.0265625 0.03984375
1 0.515625 0.33984375 0.053125 0.06640625
0 0.475 0.34296875 0.034375 0.03125
0 0.4734375 0.36875 0.034375 0.0375
0 0.48125 0.38828125 0.040625 0.05625
3 0.56875 0.38828125 0.0875 0.15234375
0 0.3640625 0.4 0.04375 0.05390625
0 0.62734375 0.42109375 0.0484375 0.07109375
2 0.690625 0.428125 0.1 0.16875
0 0.49375 0.44921875 0.053125 0.06875
0 0.53125 0.53515625 0.08125 0.10859375
1 0.82265625 0.55390625 0.1734375 0.21640625
0 0.57734375 0.66875 0.1109375 0.14140625
0 0.74453125 0.69296875 0.1203125 0.15234375
0 0.6734375 0.965625 0.1375 0.06875