1 0.353125 0.2875 0.028125 0.04609375
0 0.40703125 0.290625 0.0234375 0.02734375
0 0.3765625 0.30390625 0.025 0.04140625
3 0.58046875 0.31640625 0.0578125 0.06640625
0 0.3953125 0.325 0.025 0.0375
1 0.528125 0.35078125 0.053125 0.07265625
0 0.48125 0.35703125 0.034375 0.03125
0 0.48125 0.38515625 0.034375 0.0375
0 0.490625 0.41953125 0.040625 0.05234375
3 0.6 0.43046875 0.11875 0.20625
0 0.66796875 0.45 0.0484375 0.07109375
0 0.33125 0.46640625 0.065625 0.07890625
2 0.75390625 0.49140625 0.1515625 0.21640625
1 0.10703125 0.50078125 0.1015625 0.13515625
0 0.52265625 0.51640625 0.0703125 0.09140625
0 0.18359375 0.59765625 0.1015625 0.13359375
0 0.57421875 0.66953125 0.1140625 0.16875
1 0.9203125 0.68671875 0.159375 0.28125
0 0.6765625 0.9265625 0.175 0.146875