0 0.4703125 0.35546875 0.025 0.03984375
0 0.59609375 0.38359375 0.0265625 0.04140625
0 0.55 0.39375 0.0375 0.04609375
1 0.21953125 0.39453125 0.0890625 0.11015625
0 0.621875 0.403125 0.028125 0.04765625
0 0.496875 0.43125 0.04375 0.06640625
0 0.57578125 0.43828125 0.0546875 0.06484375
3 0.68671875 0.44375 0.1078125 0.16640625
0 0.51796875 0.471875 0.0515625 0.06015625
0 0.6171875 0.48828125 0.075 0.11484375
0 0.53125 0.51640625 0.06875 0.08359375
0 0.5484375 0.58984375 0.075 0.10859375
0 0.728125 0.62265625 0.10625 0.13359375
0 0.5890625 0.70703125 0.10625 0.13515625
1 0.90859375 0.87265625 0.1828125 0.25390625
0 0.66484375 0.878125 0.1671875 0.24375