3 0.51875 0.340625 0.046875 0.08125
0 0.47109375 0.34296875 0.0296875 0.03515625
3 0.2765625 0.35 0.065625 0.0875
0 0.4828125 0.38671875 0.03125 0.04765625
0 0.6234375 0.415625 0.0375 0.05625
0 0.50859375 0.43984375 0.0421875 0.05
0 0.584375 0.44765625 0.046875 0.05859375
0 0.6703125 0.44921875 0.05625 0.06015625
0 0.503125 0.478125 0.04375 0.06875
0 0.5265625 0.503125 0.053125 0.06484375
3 0.78515625 0.52734375 0.1828125 0.23359375
0 0.646875 0.5375 0.075 0.0875
0 0.53984375 0.54609375 0.0703125 0.09609375
0 0.55625 0.62578125 0.084375 0.12265625
1 0.73671875 0.63671875 0.1296875 0.20234375
0 0.60703125 0.76015625 0.1140625 0.14140625
0 0.70234375 0.92265625 0.1765625 0.15390625