1 0.346875 0.33515625 0.04375 0.08359375
1 0.39296875 0.33828125 0.0359375 0.07265625
0 0.53203125 0.35546875 0.0296875 0.04375
0 0.3625 0.40390625 0.040625 0.0625
3 0.7 0.40703125 0.140625 0.13125
1 0.59921875 0.41953125 0.0609375 0.10234375
0 0.53984375 0.43515625 0.0484375 0.10390625
0 0.47890625 0.44375 0.0453125 0.07890625
0 0.4984375 0.46953125 0.04375 0.07265625
0 0.3421875 0.48125 0.08125 0.09609375
0 0.6421875 0.51171875 0.05 0.10625
0 0.525 0.53984375 0.084375 0.11640625
0 0.85859375 0.54140625 0.1015625 0.12890625
3 0.7109375 0.57109375 0.146875 0.275
3 0.10703125 0.634375 0.2140625 0.40234375
0 0.565625 0.63828125 0.109375 0.18125
0 0.5890625 0.74453125 0.121875 0.17734375
3 0.85 0.75390625 0.3 0.49140625
0 0.6625 0.95625 0.165625 0.0875