3 0.2953125 0.39140625 0.084375 0.1375
3 0.6109375 0.45546875 0.065625 0.12265625
0 0.4890625 0.46171875 0.053125 0.08984375
3 0.73828125 0.46171875 0.1578125 0.19375
3 0.12421875 0.49921875 0.1359375 0.14765625
0 0.50546875 0.503125 0.0484375 0.12265625
0 0.5828125 0.51640625 0.078125 0.1125
0 0.675 0.565625 0.05 0.13984375
0 0.196875 0.59609375 0.103125 0.1375
0 0.540625 0.6 0.075 0.15
3 0.77265625 0.628125 0.1734375 0.28125
0 0.59296875 0.7125 0.1078125 0.175
3 0.8796875 0.7890625 0.240625 0.421875
0 0.6265625 0.87890625 0.15625 0.24140625