0 0.4984375 0.32578125 0.028125 0.03125
0 0.46796875 0.33359375 0.0296875 0.02890625
0 0.38515625 0.346875 0.0328125 0.03984375
0 0.4765625 0.35703125 0.0375 0.03515625
1 0.6015625 0.36875 0.04375 0.09140625
3 0.54296875 0.38046875 0.1015625 0.14375
0 0.37734375 0.384375 0.0390625 0.03984375
0 0.6453125 0.3875 0.04375 0.06640625
0 0.4828125 0.38828125 0.040625 0.06015625
1 0.6859375 0.45 0.090625 0.12890625
0 0.35 0.45234375 0.05625 0.075
0 0.28046875 0.453125 0.0671875 0.08515625
0 0.26171875 0.77109375 0.1484375 0.20859375
3 0.078125 0.78203125 0.15625 0.40625
0 0.68359375 0.8796875 0.1609375 0.240625
0 0.87265625 0.88359375 0.1671875 0.225