1 0.571875 0.31328125 0.053125 0.05625
1 0.3234375 0.31484375 0.040625 0.0625
1 0.3546875 0.32578125 0.03125 0.04765625
1 0.33671875 0.346875 0.0328125 0.06015625
1 0.60390625 0.35625 0.0515625 0.05859375
0 0.38515625 0.365625 0.0359375 0.03515625
1 0.61953125 0.38984375 0.0734375 0.0875
0 0.503125 0.42109375 0.04375 0.025
1 0.67734375 0.42734375 0.0796875 0.11640625
0 0.51015625 0.446875 0.0640625 0.02734375
1 0.5125 0.49765625 0.0625 0.08359375
1 0.11796875 0.503125 0.1171875 0.15625
3 0.7640625 0.51015625 0.1 0.05859375
1 0.61484375 0.5125 0.0453125 0.125
1 0.67578125 0.546875 0.1171875 0.20234375
0 0.52578125 0.59140625 0.0953125 0.13359375
3 0.91328125 0.61015625 0.1734375 0.21640625
1 0.73359375 0.63046875 0.0515625 0.11875
0 0.56484375 0.684375 0.0953125 0.15234375
1 0.06328125 0.72578125 0.1265625 0.15625
3 0.85703125 0.734375 0.2140625 0.38515625
3 0.92890625 0.8484375 0.1421875 0.303125
3 0.1640625 0.8828125 0.234375 0.234375
0 0.6328125 0.9078125 0.1625 0.184375