1 0.2703125 0.35859375 0.05 0.06640625
3 0.54296875 0.371875 0.0609375 0.10234375
1 0.61484375 0.3875 0.0484375 0.0625
0 0.484375 0.396875 0.0375 0.04765625
0 0.35546875 0.40859375 0.0421875 0.05
0 0.57421875 0.44140625 0.0515625 0.0625
0 0.6609375 0.45 0.05 0.06640625
0 0.51171875 0.46484375 0.0546875 0.07109375
1 0.73125 0.49609375 0.084375 0.12890625
0 0.65859375 0.55859375 0.0859375 0.1125
0 0.53828125 0.56796875 0.0765625 0.09375
3 0.8921875 0.5875 0.215625 0.33359375
0 0.62578125 0.77421875 0.1453125 0.21875
0 0.1859375 0.9125 0.1625 0.17109375