0 0.36953125 0.30703125 0.0171875 0.02265625
0 0.4609375 0.321875 0.01875 0.03125
0 0.390625 0.33203125 0.021875 0.03125
0 0.525 0.365625 0.021875 0.03984375
3 0.60859375 0.37421875 0.0671875 0.10234375
0 0.47578125 0.375 0.0328125 0.04140625
1 0.54765625 0.378125 0.0421875 0.05625
0 0.49375 0.40234375 0.03125 0.05
0 0.56484375 0.43125 0.0453125 0.0625
0 0.35390625 0.44609375 0.0421875 0.05390625
0 0.5078125 0.44609375 0.04375 0.0625
0 0.67109375 0.47734375 0.0609375 0.07890625
0 0.25078125 0.49609375 0.0640625 0.07109375
0 0.52578125 0.51640625 0.0578125 0.08359375
1 0.6421875 0.51796875 0.0875 0.12265625
0 0.553125 0.603125 0.071875 0.10234375
3 0.03046875 0.64609375 0.0609375 0.34609375
0 0.6484375 0.83984375 0.14375 0.24140625