0 0.40234375 0.30546875 0.0203125 0.03125
0 0.39921875 0.31640625 0.0234375 0.03359375
3 0.34765625 0.31875 0.0359375 0.05859375
1 0.33515625 0.33828125 0.0328125 0.05234375
0 0.39375 0.34609375 0.034375 0.02890625
0 0.48046875 0.34921875 0.0328125 0.05234375
0 0.3734375 0.37578125 0.0375 0.04375
1 0.20078125 0.41484375 0.0765625 0.10859375
3 0.2875 0.41875 0.0625 0.14140625
0 0.5609375 0.44375 0.05 0.07109375
0 0.5078125 0.48359375 0.05625 0.0875
3 0.1 0.51328125 0.109375 0.16875
0 0.3078125 0.60546875 0.0875 0.12734375
0 0.70078125 0.61484375 0.1046875 0.15390625
1 0.959375 0.88203125 0.08125 0.23515625