2 0.4640625 0.33671875 0.04375 0.06484375
2 0.52578125 0.33671875 0.0515625 0.08125
0 0.46953125 0.359375 0.0265625 0.03125
0 0.32578125 0.37109375 0.0328125 0.04609375
1 0.628125 0.39375 0.0625 0.1
0 0.484375 0.39609375 0.034375 0.04609375
0 0.3671875 0.39765625 0.04375 0.05859375
2 0.56875 0.39921875 0.075 0.12734375
0 0.69375 0.41953125 0.046875 0.05234375
1 0.27109375 0.43359375 0.0578125 0.07890625
0 0.66171875 0.44921875 0.0453125 0.06015625
0 0.503125 0.45390625 0.05 0.07890625
1 0.17578125 0.46796875 0.0765625 0.10625
0 0.52265625 0.5 0.0546875 0.0875
3 0.81015625 0.51640625 0.1921875 0.24609375
0 0.65859375 0.56875 0.0765625 0.10859375
0 0.30390625 0.62265625 0.0921875 0.12890625
0 0.55078125 0.628125 0.0828125 0.13984375
0 0.628125 0.81875 0.13125 0.17890625
0 0.840625 0.86796875 0.175 0.22734375