0 0.4796875 0.35625 0.028125 0.0375
3 0.3265625 0.359375 0.04375 0.06484375
0 0.51953125 0.359375 0.0265625 0.03984375
0 0.275 0.37421875 0.0375 0.05625
3 0.6390625 0.390625 0.075 0.09765625
0 0.48984375 0.40078125 0.0359375 0.05234375
0 0.55546875 0.41171875 0.0421875 0.05625
0 0.2203125 0.43515625 0.05 0.0625
0 0.35390625 0.43515625 0.0515625 0.0625
0 0.50859375 0.453125 0.0484375 0.06875
0 0.525 0.52421875 0.059375 0.08984375
0 0.3265625 0.53515625 0.065625 0.07890625
3 0.7390625 0.6125 0.228125 0.3625
0 0.2671875 0.73125 0.103125 0.1375
0 0.59453125 0.73203125 0.1046875 0.16015625