2 0.36796875 0.30234375 0.0328125 0.05390625
0 0.38984375 0.3375 0.0203125 0.0375
3 0.31171875 0.365625 0.0484375 0.07265625
0 0.3828125 0.37265625 0.034375 0.05
3 0.203125 0.41640625 0.09375 0.12109375
0 0.28828125 0.42421875 0.0453125 0.05625
0 0.3671875 0.42890625 0.0625 0.05859375
3 0.5109375 0.4875 0.075 0.08359375
3 0.75546875 0.48828125 0.1109375 0.14765625
3 0.62421875 0.51015625 0.0640625 0.13359375
3 0.66796875 0.546875 0.0953125 0.18984375
0 0.5203125 0.56640625 0.084375 0.10390625
3 0.9265625 0.5875 0.146875 0.20390625
0 0.5546875 0.61328125 0.08125 0.11015625
1 0.74921875 0.63515625 0.0890625 0.15859375
3 0.115625 0.64296875 0.23125 0.31015625
0 0.55859375 0.70625 0.0984375 0.14609375
0 0.28125 0.725 0.13125 0.175
3 0.87578125 0.77265625 0.2484375 0.45390625
0 0.7328125 0.86796875 0.165625 0.25625
0 0.59921875 0.93515625 0.1234375 0.12890625