0 0.3875 0.35390625 0.03125 0.04140625
0 0.521875 0.36171875 0.028125 0.04375
3 0.31484375 0.3625 0.0609375 0.09140625
0 0.47265625 0.365625 0.0328125 0.04765625
1 0.29765625 0.39453125 0.0546875 0.08984375
0 0.56953125 0.41875 0.0453125 0.0625
0 0.3640625 0.41953125 0.04375 0.05625
1 0.63828125 0.48828125 0.0890625 0.16484375
0 0.33046875 0.49453125 0.0609375 0.08125
1 0.04296875 0.578125 0.0859375 0.16484375
0 0.55234375 0.60859375 0.0734375 0.10859375
3 0.11171875 0.68515625 0.2234375 0.40390625