1 0.38359375 0.34453125 0.0265625 0.03125
3 0.5546875 0.38203125 0.065625 0.11015625
1 0.60859375 0.38984375 0.0390625 0.05390625
1 0.6421875 0.421875 0.05625 0.07265625
0 0.4984375 0.43125 0.040625 0.04609375
0 0.35234375 0.4375 0.0484375 0.05390625
1 0.1859375 0.44765625 0.071875 0.09140625
0 0.69609375 0.4875 0.0609375 0.07109375
0 0.60390625 0.48984375 0.0578125 0.07109375
0 0.54296875 0.54453125 0.0703125 0.09375
1 0.80390625 0.56015625 0.1109375 0.15859375
0 0.5828125 0.70390625 0.103125 0.12890625
0 0.765625 0.721875 0.128125 0.16875