0 0.4 0.32109375 0.025 0.025
3 0.34453125 0.32890625 0.0390625 0.075
0 0.47421875 0.34453125 0.0265625 0.04375
3 0.534375 0.35390625 0.05 0.06640625
0 0.36875 0.39765625 0.053125 0.075
3 0.640625 0.39765625 0.071875 0.075
0 0.5 0.403125 0.028125 0.04765625
0 0.5078125 0.48515625 0.040625 0.0625
1 0.1234375 0.50703125 0.071875 0.11015625
0 0.6375 0.50859375 0.0625 0.08359375
0 0.32421875 0.51640625 0.0703125 0.125
0 0.67578125 0.59765625 0.0796875 0.1
3 0.8828125 0.61015625 0.234375 0.27109375
3 0.07109375 0.73828125 0.1390625 0.33515625
0 0.26171875 0.74375 0.1078125 0.12890625
0 0.653125 0.82578125 0.1 0.14375