0 0.58515625 0.3625 0.0390625 0.05
0 0.53515625 0.37421875 0.0296875 0.03984375
0 0.6046875 0.39609375 0.034375 0.04140625
1 0.6421875 0.39609375 0.04375 0.05859375
0 0.4859375 0.39765625 0.034375 0.04140625
0 0.5671875 0.42578125 0.0375 0.05234375
0 0.496875 0.4375 0.0375 0.05390625
3 0.73359375 0.45703125 0.1453125 0.21015625
0 0.52109375 0.4875 0.0609375 0.0875
1 0.11796875 0.48984375 0.1078125 0.12109375
3 0.6296875 0.50078125 0.115625 0.16015625
0 0.55703125 0.62578125 0.0765625 0.12734375
0 0.9296875 0.74609375 0.140625 0.13359375
0 0.61640625 0.83046875 0.1328125 0.22265625
0 0.89609375 0.925 0.1734375 0.15