1 0.5359375 0.30546875 0.025 0.04375
3 0.50625 0.31328125 0.040625 0.07734375
0 0.45859375 0.31640625 0.0265625 0.03359375
1 0.559375 0.34296875 0.040625 0.08125
0 0.5046875 0.35 0.03125 0.04609375
0 0.48671875 0.36640625 0.0390625 0.0375
0 0.33515625 0.36796875 0.0265625 0.03984375
0 0.38828125 0.37265625 0.0546875 0.0375
1 0.296875 0.37734375 0.05625 0.08359375
0 0.3703125 0.40859375 0.071875 0.05859375
0 0.4953125 0.425 0.065625 0.05859375
1 0.2671875 0.43828125 0.06875 0.08515625
0 0.5109375 0.49375 0.078125 0.09609375
0 0.35078125 0.50625 0.0671875 0.0875
0 0.8671875 0.54453125 0.0625 0.10234375
1 0.80078125 0.55625 0.1140625 0.19609375
0 0.696875 0.6 0.090625 0.12890625
0 0.56796875 0.61171875 0.1078125 0.14765625
0 0.26640625 0.72734375 0.1515625 0.175
0 0.88359375 0.89453125 0.1703125 0.21015625