0 0.33671875 0.35703125 0.0296875 0.03515625
3 0.55546875 0.37890625 0.0671875 0.125
3 0.22890625 0.384375 0.0984375 0.12265625
1 0.60859375 0.38828125 0.0359375 0.06875
0 0.37578125 0.38828125 0.0296875 0.03984375
2 0.49453125 0.39296875 0.0640625 0.11875
0 0.3109375 0.40546875 0.034375 0.05234375
1 0.65078125 0.421875 0.0546875 0.08984375
0 0.3640625 0.43125 0.040625 0.05859375
0 0.5234375 0.471875 0.059375 0.08984375
3 0.2234375 0.48515625 0.115625 0.16640625
0 0.31796875 0.525 0.0671875 0.0875
0 0.8453125 0.64453125 0.10625 0.13984375
0 0.66796875 0.67734375 0.0984375 0.15
0 0.25234375 0.709375 0.1109375 0.12265625
0 0.05 0.80078125 0.1 0.15625