0 0.375 0.34453125 0.03125 0.03515625
0 0.3015625 0.4 0.04375 0.07109375
3 0.65546875 0.4 0.0953125 0.125
3 0.5765625 0.40859375 0.0875 0.125
0 0.4890625 0.43125 0.040625 0.0625
0 0.5125 0.446875 0.046875 0.05625
0 0.7546875 0.47578125 0.075 0.08515625
1 0.24765625 0.48984375 0.0703125 0.11640625
0 0.51328125 0.49140625 0.0734375 0.075
3 0.64921875 0.49765625 0.1390625 0.1625
0 0.53515625 0.5625 0.0765625 0.11640625
0 0.56484375 0.66640625 0.1015625 0.125
3 0.95 0.68125 0.1 0.2375
3 0.8359375 0.73125 0.25625 0.3625
0 0.596875 0.80703125 0.1375 0.21015625
0 0.66328125 0.9171875 0.1515625 0.165625
0 0.1921875 0.934375 0.1625 0.13125