3 0.62109375 0.37265625 0.0578125 0.0875
0 0.4921875 0.390625 0.034375 0.04375
2 0.571875 0.39140625 0.071875 0.11640625
0 0.23515625 0.41171875 0.0421875 0.05234375
0 0.36953125 0.41328125 0.0484375 0.06015625
0 0.50625 0.44765625 0.05 0.05390625
3 0.7078125 0.45625 0.115625 0.15859375
1 0.60703125 0.47890625 0.0515625 0.10859375
0 0.5234375 0.51484375 0.059375 0.075
0 0.83359375 0.53046875 0.0703125 0.08515625
1 0.68515625 0.54921875 0.1171875 0.20625
0 0.29296875 0.6125 0.0796875 0.0875
0 0.57578125 0.66875 0.0953125 0.14140625
1 0.8296875 0.759375 0.203125 0.34375