3 0.371875 0.29375 0.028125 0.04609375
1 0.53828125 0.31796875 0.0265625 0.04375
0 0.478125 0.328125 0.021875 0.02265625
0 0.390625 0.33125 0.021875 0.02890625
0 0.51484375 0.334375 0.0203125 0.02734375
0 0.346875 0.33828125 0.025 0.03125
0 0.47578125 0.36171875 0.0234375 0.02734375
1 0.33046875 0.36640625 0.0265625 0.04140625
0 0.38203125 0.36953125 0.0296875 0.03515625
2 0.29140625 0.40390625 0.0765625 0.10859375
0 0.68125 0.40546875 0.0375 0.05625
0 0.56328125 0.409375 0.0265625 0.03515625
1 0.2125 0.415625 0.059375 0.07265625
0 0.37421875 0.42421875 0.0390625 0.04765625
2 0.51484375 0.44140625 0.0828125 0.15
1 0.140625 0.48515625 0.096875 0.10859375
1 0.23984375 0.490625 0.0703125 0.10234375
0 0.62109375 0.49609375 0.0609375 0.06640625
0 0.79609375 0.49765625 0.0421875 0.0625
1 0.73984375 0.5 0.0859375 0.12890625
0 0.321875 0.540625 0.059375 0.07734375
0 0.66796875 0.56484375 0.0734375 0.09140625
0 0.95078125 0.66015625 0.0984375 0.10390625
0 0.14609375 0.66171875 0.0984375 0.12734375
0 0.28671875 0.70078125 0.0953125 0.13125
0 0.7734375 0.75546875 0.121875 0.13984375
0 0.625 0.796875 0.134375 0.19375