1 0.31875 0.32109375 0.0375 0.05
0 0.39609375 0.33046875 0.0265625 0.03984375
0 0.49375 0.36640625 0.040625 0.0375
0 0.640625 0.375 0.028125 0.05
1 0.3296875 0.378125 0.0375 0.04765625
1 0.60859375 0.38515625 0.0484375 0.09140625
0 0.37109375 0.38828125 0.0390625 0.04765625
0 0.2953125 0.39921875 0.03125 0.06015625
0 0.565625 0.40546875 0.04375 0.06875
3 0.21484375 0.40859375 0.0796875 0.14609375
0 0.503125 0.42578125 0.0625 0.07265625
3 0.70859375 0.43515625 0.0890625 0.12890625
0 0.35703125 0.44921875 0.0546875 0.05625
0 0.61328125 0.48515625 0.0734375 0.09609375
0 0.32265625 0.49609375 0.0671875 0.09609375
3 0.7046875 0.59609375 0.153125 0.225
0 0.5421875 0.61796875 0.090625 0.14765625
1 0.90390625 0.621875 0.1765625 0.25625
0 0.1046875 0.64140625 0.10625 0.14140625
0 0.25390625 0.8 0.1546875 0.20390625
0 0.6671875 0.87265625 0.153125 0.25390625
0 0.0484375 0.90859375 0.096875 0.175