0 0.39609375 0.32109375 0.0296875 0.0375
2 0.4671875 0.33046875 0.04375 0.06484375
2 0.51640625 0.33671875 0.0515625 0.08125
0 0.384375 0.34375 0.034375 0.04140625
0 0.34453125 0.35234375 0.0359375 0.05
0 0.46953125 0.359375 0.0265625 0.03125
0 0.26328125 0.36640625 0.0640625 0.07109375
3 0.6 0.36640625 0.0625 0.1
0 0.4796875 0.36875 0.034375 0.0375
2 0.54921875 0.375 0.0671875 0.10859375
0 0.48046875 0.39453125 0.0328125 0.04375
0 0.48828125 0.40703125 0.0328125 0.03125
0 0.553125 0.41328125 0.040625 0.04375
0 0.6328125 0.41484375 0.0375 0.05
3 0.70703125 0.43203125 0.1234375 0.13515625
0 0.50234375 0.45078125 0.0515625 0.05625
0 0.58203125 0.45625 0.0515625 0.07890625
0 0.61953125 0.521875 0.0734375 0.10234375
0 0.5265625 0.5375 0.078125 0.10859375
2 0.84453125 0.75390625 0.3109375 0.49140625
0 0.06640625 0.80859375 0.1328125 0.15859375
0 0.61328125 0.809375 0.1421875 0.19765625