3 0.35625 0.30390625 0.03125 0.0625
3 0.32265625 0.31796875 0.0265625 0.05234375
0 0.340625 0.35625 0.025 0.04609375
3 0.6 0.36640625 0.065625 0.10390625
0 0.5578125 0.39375 0.034375 0.04609375
3 0.6703125 0.42890625 0.075 0.125
0 0.565625 0.44140625 0.034375 0.06640625
3 0.6 0.46484375 0.05625 0.1
2 0.2328125 0.48515625 0.1375 0.2
3 0.646875 0.5 0.090625 0.15859375
0 0.50390625 0.503125 0.0609375 0.06484375
3 0.82734375 0.51015625 0.2015625 0.20390625
0 0.52734375 0.55703125 0.0609375 0.08984375
0 0.3125 0.60078125 0.096875 0.11484375
3 0.7296875 0.62890625 0.053125 0.14140625
0 0.54375 0.63203125 0.08125 0.12265625
3 0.84296875 0.684375 0.2265625 0.32265625
0 0.66796875 0.71640625 0.1046875 0.20390625
3 0.91015625 0.821875 0.1796875 0.35625
0 0.5859375 0.9015625 0.134375 0.196875