2 0.60625 0.36953125 0.0625 0.09375
1 0.553125 0.38359375 0.05 0.09609375
0 0.4875 0.39765625 0.0375 0.04609375
2 0.67109375 0.42890625 0.1046875 0.15390625
0 0.4984375 0.43671875 0.04375 0.06015625
0 0.5859375 0.44765625 0.05 0.0625
0 0.75703125 0.46875 0.0640625 0.06640625
0 0.5171875 0.490625 0.05 0.07265625
0 0.61796875 0.490625 0.0640625 0.07734375
1 0.68828125 0.56015625 0.0953125 0.18359375
0 0.56640625 0.57265625 0.0765625 0.1125
0 0.29296875 0.6 0.0859375 0.1125
0 0.7609375 0.73125 0.134375 0.16640625