1 0.37421875 0.28671875 0.0328125 0.04765625
0 0.403125 0.30078125 0.01875 0.03125
0 0.33359375 0.31328125 0.0203125 0.02734375
1 0.32578125 0.34609375 0.0515625 0.06640625
0 0.47109375 0.35234375 0.0296875 0.04140625
0 0.48359375 0.378125 0.0359375 0.04375
1 0.55 0.37890625 0.05625 0.09609375
3 0.64453125 0.390625 0.0921875 0.12265625
0 0.49453125 0.403125 0.0421875 0.05234375
0 0.57421875 0.42421875 0.0421875 0.06484375
0 0.50078125 0.43046875 0.0421875 0.04765625
0 0.5953125 0.44921875 0.05625 0.06875
0 0.50234375 0.46484375 0.0515625 0.07109375
0 0.2578125 0.48125 0.065625 0.09140625
0 0.51953125 0.49375 0.0609375 0.08359375
1 0.62578125 0.5 0.0796875 0.12890625
1 0.09375 0.50078125 0.103125 0.13515625
3 0.82421875 0.51328125 0.2296875 0.26875
0 0.5359375 0.51953125 0.059375 0.06015625
1 0.66640625 0.54609375 0.1140625 0.20859375
0 0.55703125 0.575 0.0734375 0.1375
1 0.5359375 0.625 0.08125 0.15859375
1 0.79609375 0.6875 0.1078125 0.1875
0 0.58671875 0.75546875 0.1171875 0.18125
3 0.9 0.78828125 0.2 0.42265625
0 0.05859375 0.84296875 0.1171875 0.19375
0 0.6296875 0.90703125 0.1625 0.18515625