1 0.32734375 0.3125 0.0328125 0.04609375
0 0.39453125 0.33203125 0.0265625 0.03515625
1 0.28671875 0.34921875 0.0390625 0.05625
3 0.6078125 0.34921875 0.06875 0.11015625
1 0.334375 0.35546875 0.040625 0.05625
3 0.54921875 0.36484375 0.0640625 0.10859375
0 0.38046875 0.365625 0.0328125 0.04375
2 0.490625 0.38125 0.0625 0.10859375
0 0.684375 0.41015625 0.04375 0.05859375
0 0.3375 0.521875 0.0625 0.06875
1 0.215625 0.534375 0.10625 0.13125
3 0.07421875 0.54375 0.1484375 0.17109375
0 0.53046875 0.55 0.0734375 0.1
3 0.7265625 0.60234375 0.2125 0.325
3 0.88359375 0.609375 0.2265625 0.29765625
1 0.0828125 0.7625 0.165625 0.25390625