3 0.50390625 0.31328125 0.0390625 0.06015625
0 0.390625 0.33828125 0.025 0.03515625
0 0.3453125 0.34375 0.028125 0.0375
0 0.46796875 0.34609375 0.0265625 0.0375
0 0.5875 0.37421875 0.03125 0.04765625
0 0.540625 0.37734375 0.040625 0.04140625
0 0.4921875 0.39140625 0.04375 0.03359375
0 0.56171875 0.41328125 0.0453125 0.06015625
3 0.19296875 0.415625 0.0984375 0.13125
3 0.66484375 0.42265625 0.1015625 0.14609375
0 0.48671875 0.42421875 0.0390625 0.05625
0 0.51640625 0.465625 0.0484375 0.07265625
1 0.59765625 0.46640625 0.0609375 0.09140625
0 0.52890625 0.509375 0.0515625 0.07265625
0 0.67421875 0.56875 0.0828125 0.10390625
0 0.54296875 0.57421875 0.0734375 0.11015625
0 0.578125 0.68359375 0.090625 0.12109375
1 0.85 0.79375 0.190625 0.27890625
1 0.9703125 0.83203125 0.059375 0.15234375
0 0.6609375 0.86796875 0.15625 0.25234375