2 0.38046875 0.29140625 0.0359375 0.05859375
1 0.328125 0.33125 0.05 0.0375
0 0.38671875 0.36171875 0.0453125 0.04375
3 0.259375 0.36796875 0.06875 0.08515625
0 0.32578125 0.36875 0.0359375 0.02890625
0 0.36015625 0.43125 0.0515625 0.07890625
3 0.2796875 0.43671875 0.1 0.14375
1 0.68515625 0.45703125 0.0859375 0.10234375
1 0.50703125 0.503125 0.0703125 0.10625
3 0.79453125 0.50703125 0.1296875 0.13984375
1 0.6171875 0.51171875 0.071875 0.14765625
1 0.90703125 0.52421875 0.0640625 0.18125
0 0.8734375 0.53671875 0.065625 0.09375
1 0.66875 0.553125 0.09375 0.19375
0 0.52109375 0.56875 0.0578125 0.11640625
3 0.95546875 0.59765625 0.0890625 0.19140625
0 0.55078125 0.603125 0.0828125 0.08984375
1 0.0828125 0.63515625 0.14375 0.22890625
1 0.74921875 0.64296875 0.0859375 0.16015625
0 0.271875 0.67421875 0.121875 0.14765625
0 0.56640625 0.73125 0.1109375 0.175
3 0.859375 0.73828125 0.209375 0.40234375
3 0.925 0.84453125 0.15 0.31015625
0 0.73203125 0.86328125 0.1984375 0.27265625