2 0.4671875 0.32734375 0.040625 0.0625
3 0.51875 0.33828125 0.040625 0.06875
0 0.384375 0.35 0.028125 0.0375
0 0.47578125 0.35703125 0.0359375 0.03125
2 0.54375 0.36953125 0.05625 0.08984375
1 0.603125 0.371875 0.05625 0.08125
0 0.4796875 0.38359375 0.03125 0.0375
3 0.67734375 0.39765625 0.0953125 0.1125
0 0.62109375 0.40546875 0.0328125 0.04375
0 0.49453125 0.41875 0.0390625 0.04140625
0 0.56015625 0.425 0.0359375 0.05390625
0 0.3484375 0.43671875 0.053125 0.05625
0 0.50703125 0.45625 0.0515625 0.05390625
0 0.578125 0.4625 0.053125 0.075
0 0.5109375 0.496875 0.059375 0.08125
0 0.2703125 0.534375 0.065625 0.08125
3 0.06640625 0.54765625 0.1328125 0.20390625
0 0.778125 0.55390625 0.034375 0.09609375
2 0.68515625 0.56171875 0.1734375 0.28125
0 0.5546875 0.62109375 0.0875 0.12109375
0 0.8609375 0.65 0.084375 0.11640625
0 0.59765625 0.80703125 0.1296875 0.17265625