3 0.628125 0.37578125 0.075 0.12265625
3 0.5625 0.38359375 0.071875 0.11640625
0 0.3734375 0.38515625 0.034375 0.04140625
1 0.31015625 0.390625 0.0484375 0.06015625
2 0.50390625 0.41484375 0.0765625 0.1375
3 0.1984375 0.42578125 0.0875 0.11875
0 0.715625 0.43125 0.05 0.05859375
1 0.27578125 0.44453125 0.0703125 0.09765625
0 0.3578125 0.46484375 0.046875 0.0625
0 0.7 0.484375 0.071875 0.10234375
3 0.19609375 0.50078125 0.1015625 0.11484375
1 0.8296875 0.57890625 0.1125 0.17109375
1 0.075 0.71171875 0.15 0.25234375
0 0.25078125 0.78046875 0.1296875 0.15234375
0 0.6109375 0.81953125 0.1375 0.18984375