1 0.39765625 0.31796875 0.0265625 0.03125
0 0.3796875 0.36328125 0.040625 0.03984375
0 0.47890625 0.37109375 0.0328125 0.04140625
1 0.25625 0.3875 0.053125 0.0625
1 0.62890625 0.4 0.0390625 0.05390625
0 0.48359375 0.40390625 0.0359375 0.04609375
3 0.5796875 0.41484375 0.08125 0.12890625
1 0.67265625 0.44375 0.0640625 0.07890625
0 0.50546875 0.46171875 0.0453125 0.05625
0 0.74453125 0.53125 0.0734375 0.08359375
0 0.646875 0.546875 0.071875 0.08515625
0 0.578125 0.634375 0.08125 0.11484375
1 0.8953125 0.63828125 0.146875 0.20625
0 0.63984375 0.89765625 0.1484375 0.2