1 0.33828125 0.35 0.0359375 0.04140625
1 0.26796875 0.35078125 0.0640625 0.07734375
0 0.38515625 0.36640625 0.0296875 0.0375
0 0.32578125 0.38203125 0.0328125 0.04765625
0 0.48828125 0.39765625 0.0359375 0.05
3 0.6515625 0.39921875 0.071875 0.13984375
1 0.2859375 0.41796875 0.05625 0.09375
3 0.59375 0.42265625 0.09375 0.15
0 0.5046875 0.45546875 0.05 0.07265625
0 0.3546875 0.46484375 0.05625 0.07109375
3 0.1046875 0.490625 0.1875 0.23984375
0 0.23046875 0.52890625 0.0765625 0.07109375
0 0.31640625 0.56484375 0.0765625 0.1
0 0.55546875 0.64140625 0.0859375 0.12890625
3 0.8140625 0.68125 0.240625 0.4
1 0.05546875 0.72890625 0.1109375 0.1625