0 0.3984375 0.33125 0.01875 0.02890625
0 0.46953125 0.3375 0.0234375 0.02890625
3 0.525 0.34140625 0.046875 0.05
3 0.3390625 0.34375 0.05 0.06640625
3 0.59765625 0.35703125 0.0703125 0.07265625
0 0.4984375 0.384375 0.04375 0.03984375
0 0.4953125 0.43046875 0.03125 0.05625
0 0.36015625 0.44140625 0.0578125 0.07109375
0 0.5984375 0.45703125 0.04375 0.06484375
0 0.62890625 0.515625 0.0578125 0.07734375
3 0.8203125 0.52578125 0.16875 0.20234375
0 0.28125 0.62578125 0.096875 0.11875
3 0.5875 0.66171875 0.084375 0.13984375
3 0.96328125 0.703125 0.0734375 0.19765625
0 0.93984375 0.9578125 0.1203125 0.084375