0 0.3703125 0.30625 0.021875 0.03359375
0 0.3984375 0.31171875 0.021875 0.02734375
3 0.5625 0.33828125 0.065625 0.09375
0 0.4734375 0.34375 0.028125 0.0375
0 0.3421875 0.34453125 0.028125 0.03515625
0 0.38828125 0.35390625 0.0296875 0.04609375
0 0.5109375 0.35390625 0.025 0.0375
0 0.48046875 0.36484375 0.0328125 0.04609375
0 0.49375 0.40703125 0.040625 0.04765625
0 0.50859375 0.46015625 0.0609375 0.07109375
0 0.32578125 0.496875 0.0640625 0.07734375
3 0.803125 0.5625 0.190625 0.24609375
0 0.58828125 0.66015625 0.1171875 0.17109375
0 0.66484375 0.8859375 0.1671875 0.228125