1 0.58359375 0.35390625 0.0421875 0.06640625
0 0.54140625 0.36953125 0.0390625 0.04765625
1 0.61171875 0.37734375 0.0515625 0.07109375
0 0.48515625 0.384375 0.0359375 0.04375
1 0.30625 0.39453125 0.040625 0.04765625
1 0.20078125 0.39921875 0.0703125 0.07265625
0 0.57421875 0.42109375 0.0453125 0.05390625
0 0.70625 0.42109375 0.0375 0.05390625
1 0.2828125 0.42734375 0.053125 0.07890625
0 0.4984375 0.434375 0.0375 0.05234375
0 0.3609375 0.43515625 0.040625 0.04609375
1 0.61875 0.46328125 0.06875 0.13515625
0 0.53046875 0.49765625 0.0640625 0.07890625
3 0.17109375 0.52890625 0.1609375 0.22890625
3 0.8421875 0.54453125 0.203125 0.26015625
0 0.3203125 0.57265625 0.065625 0.08359375
3 0.75625 0.609375 0.2 0.33515625
0 0.5875 0.68984375 0.103125 0.15859375
2 0.7765625 0.875 0.371875 0.25
0 0.19765625 0.87734375 0.1453125 0.19609375