3 0.59921875 0.34453125 0.0515625 0.07734375
3 0.54921875 0.37109375 0.0671875 0.1
0 0.478125 0.371875 0.03125 0.04375
1 0.21484375 0.38671875 0.0828125 0.09765625
1 0.31328125 0.390625 0.0515625 0.06015625
0 0.3578125 0.4375 0.040625 0.05390625
0 0.27890625 0.44765625 0.0515625 0.0625
0 0.49765625 0.44921875 0.0484375 0.07265625
0 0.19765625 0.45234375 0.0546875 0.05
3 0.646875 0.47421875 0.115625 0.20234375
1 0.1796875 0.559375 0.109375 0.16484375
3 0.8359375 0.58515625 0.171875 0.1875
0 0.559375 0.64140625 0.0875 0.14140625
1 0.784375 0.65078125 0.1625 0.28125
0 0.26015625 0.765625 0.1265625 0.15625