2 0.34609375 0.33984375 0.0328125 0.04609375
0 0.3859375 0.35078125 0.028125 0.03125
2 0.54375 0.36484375 0.053125 0.08359375
1 0.65 0.396875 0.08125 0.11484375
0 0.490625 0.39921875 0.040625 0.04375
1 0.55625 0.41796875 0.028125 0.07265625
1 0.596875 0.43203125 0.071875 0.13515625
0 0.5 0.43359375 0.0375 0.05
0 0.7375 0.45234375 0.0625 0.06640625
0 0.51796875 0.49375 0.0578125 0.075
1 0.6703125 0.53671875 0.1 0.17734375
0 0.07890625 0.57109375 0.0921875 0.0875
3 0.86640625 0.63515625 0.2640625 0.25
0 0.2859375 0.66015625 0.09375 0.11640625
0 0.6015625 0.71171875 0.10625 0.14765625