0 0.390625 0.34296875 0.03125 0.03515625
1 0.34765625 0.34375 0.0390625 0.05
1 0.26640625 0.36328125 0.0453125 0.06484375
3 0.55078125 0.36953125 0.0640625 0.12734375
0 0.6078125 0.39765625 0.04375 0.05390625
2 0.66796875 0.40078125 0.0796875 0.12265625
0 0.48828125 0.41328125 0.0359375 0.05234375
0 0.50703125 0.46015625 0.0515625 0.07109375
1 0.759375 0.509375 0.11875 0.14765625
0 0.64375 0.53125 0.059375 0.07890625
0 0.53203125 0.55 0.0640625 0.0875
0 0.29375 0.59921875 0.08125 0.10234375
0 0.596875 0.78828125 0.11875 0.18125