1 0.3 0.32578125 0.04375 0.04765625
3 0.34453125 0.32890625 0.0484375 0.07109375
1 0.52421875 0.34296875 0.0390625 0.07265625
0 0.47265625 0.346875 0.0296875 0.03984375
0 0.38515625 0.35 0.0328125 0.04140625
1 0.5765625 0.35859375 0.04375 0.07109375
3 0.25078125 0.36796875 0.0828125 0.08515625
0 0.36796875 0.38671875 0.0390625 0.04765625
2 0.29609375 0.396875 0.0703125 0.11484375
1 0.2078125 0.4125 0.0625 0.09140625
1 0.33984375 0.475 0.0609375 0.075
0 0.60234375 0.47578125 0.0578125 0.07734375
0 0.5359375 0.48828125 0.05625 0.08984375
0 0.10546875 0.678125 0.1140625 0.15234375
0 0.25859375 0.77421875 0.1140625 0.14765625