0 0.4703125 0.33671875 0.025 0.03125
1 0.52109375 0.33671875 0.0328125 0.06484375
3 0.3375 0.33984375 0.05 0.075
3 0.2921875 0.340625 0.05 0.05234375
1 0.5703125 0.34921875 0.0375 0.06484375
0 0.38125 0.36875 0.03125 0.04140625
3 0.24375 0.38125 0.071875 0.09140625
0 0.36015625 0.41171875 0.0421875 0.05625
2 0.28203125 0.41796875 0.0859375 0.12265625
1 0.18125 0.4375 0.071875 0.10390625
0 0.575 0.43828125 0.04375 0.06015625
0 0.5203125 0.45234375 0.04375 0.07109375
1 0.3234375 0.528125 0.078125 0.09765625
0 0.040625 0.8125 0.08125 0.2