0 0.3953125 0.31875 0.03125 0.02890625
3 0.2890625 0.340625 0.05625 0.06875
1 0.33671875 0.346875 0.0453125 0.09375
0 0.38359375 0.35625 0.0390625 0.05390625
1 0.54921875 0.384375 0.0515625 0.08515625
1 0.61484375 0.38515625 0.0515625 0.10859375
1 0.65234375 0.4 0.0671875 0.09140625
1 0.271875 0.42109375 0.0625 0.10859375
0 0.36328125 0.425 0.0515625 0.07890625
0 0.58671875 0.44765625 0.0421875 0.06640625
1 0.22734375 0.45625 0.0796875 0.13359375
0 0.76640625 0.475 0.0578125 0.08359375
1 0.71796875 0.4875 0.0609375 0.1
1 0.72421875 0.49140625 0.0578125 0.0875
1 0.62578125 0.50078125 0.0859375 0.14375
1 0.67421875 0.55234375 0.1109375 0.1875
3 0.8296875 0.55625 0.140625 0.175
0 0.5234375 0.57734375 0.06875 0.11640625
0 0.31328125 0.60390625 0.1109375 0.13359375
0 0.55234375 0.628125 0.0796875 0.12265625
1 0.74921875 0.64765625 0.0734375 0.16640625
3 0.84296875 0.7 0.1953125 0.32890625
0 0.5859375 0.79140625 0.121875 0.19140625
3 0.93046875 0.8453125 0.1390625 0.309375
0 0.746875 0.9265625 0.175 0.146875