1 0.375 0.3 0.025 0.02890625
0 0.53984375 0.31484375 0.0328125 0.04609375
0 0.328125 0.32578125 0.025 0.03125
0 0.353125 0.33359375 0.025 0.0375
0 0.39765625 0.33828125 0.0359375 0.04765625
0 0.51640625 0.33984375 0.0328125 0.0375
0 0.48984375 0.3875 0.0328125 0.04609375
0 0.36953125 0.403125 0.0453125 0.05625
0 0.55390625 0.40703125 0.0390625 0.05234375
0 0.51015625 0.446875 0.0515625 0.06875
1 0.74921875 0.51640625 0.1078125 0.14140625
3 0.8296875 0.728125 0.184375 0.28984375
0 0.66015625 0.82734375 0.1453125 0.23359375