1 0.38515625 0.33828125 0.0265625 0.03125
3 0.5625 0.39453125 0.065625 0.11015625
1 0.61328125 0.396875 0.0390625 0.06484375
1 0.65 0.42421875 0.05625 0.07265625
0 0.35859375 0.42890625 0.0484375 0.05390625
0 0.4984375 0.43125 0.040625 0.04609375
1 0.19609375 0.43984375 0.0640625 0.08359375
0 0.61171875 0.49375 0.0609375 0.075
0 0.70859375 0.49375 0.0609375 0.07109375
0 0.5453125 0.55390625 0.0625 0.08359375
1 0.81484375 0.56640625 0.1109375 0.15859375
0 0.584375 0.72109375 0.103125 0.12890625
0 0.77421875 0.7375 0.1390625 0.17109375