3 0.38125 0.28515625 0.028125 0.04609375
0 0.39609375 0.31484375 0.0203125 0.025
0 0.36171875 0.32265625 0.0203125 0.025
0 0.46796875 0.32734375 0.0171875 0.02109375
1 0.5484375 0.328125 0.03125 0.04765625
1 0.3515625 0.33984375 0.021875 0.0375
0 0.39140625 0.34375 0.0234375 0.02890625
0 0.4875 0.34453125 0.021875 0.02734375
0 0.52890625 0.35546875 0.0203125 0.02734375
2 0.3171875 0.36328125 0.059375 0.08125
0 0.3859375 0.37578125 0.03125 0.03984375
0 0.509375 0.37578125 0.025 0.03515625
1 0.24296875 0.38515625 0.0484375 0.05859375
0 0.48671875 0.38828125 0.0265625 0.03125
0 0.5609375 0.39296875 0.034375 0.03984375
1 0.28828125 0.42109375 0.0515625 0.07109375
1 0.203125 0.43203125 0.06875 0.08125
0 0.3546875 0.4375 0.04375 0.05859375
0 0.60234375 0.44921875 0.0265625 0.03515625
0 0.7640625 0.46953125 0.06875 0.09375
0 0.3375 0.509375 0.05625 0.07265625
0 0.24296875 0.5125 0.0609375 0.0875
2 0.55546875 0.53828125 0.1328125 0.24765625
0 0.6859375 0.58203125 0.090625 0.09765625
1 0.03828125 0.6 0.0765625 0.14609375
1 0.87265625 0.61796875 0.1390625 0.20234375
1 0.13671875 0.63125 0.1203125 0.15859375
0 0.96171875 0.63515625 0.0765625 0.09609375
0 0.7671875 0.70625 0.1125 0.15390625
0 0.25703125 0.72890625 0.1171875 0.15
0 0.059375 0.959375 0.11875 0.08125