0 0.3875 0.34375 0.028125 0.0375
0 0.3671875 0.37265625 0.0375 0.04140625
3 0.6265625 0.37265625 0.071875 0.12890625
1 0.25234375 0.37578125 0.0453125 0.06875
1 0.55390625 0.38515625 0.0484375 0.0875
3 0.30546875 0.38984375 0.0734375 0.1
0 0.48984375 0.42421875 0.0421875 0.06875
0 0.5703125 0.425 0.03125 0.05390625
1 0.66328125 0.425 0.0734375 0.11640625
0 0.365625 0.43203125 0.04375 0.05234375
0 0.59453125 0.45234375 0.0453125 0.07109375
0 0.50078125 0.459375 0.0453125 0.06484375
0 0.30390625 0.48984375 0.0546875 0.07109375
0 0.51484375 0.48984375 0.0578125 0.07890625
1 0.78046875 0.50390625 0.1046875 0.12890625
1 0.62421875 0.50859375 0.0609375 0.12890625
0 0.53125 0.52890625 0.059375 0.075
1 0.66640625 0.546875 0.1078125 0.20234375
0 0.56015625 0.575 0.0671875 0.10390625
1 0.5328125 0.625 0.078125 0.15390625
1 0.7328125 0.646875 0.0375 0.14375
2 0.1703125 0.66484375 0.128125 0.16640625
3 0.85546875 0.709375 0.2203125 0.34375
0 0.57734375 0.740625 0.1109375 0.17734375
0 0.61328125 0.85234375 0.1328125 0.2