3 0.334375 0.33984375 0.046875 0.0625
0 0.3859375 0.340625 0.03125 0.03984375
1 0.29453125 0.34375 0.0453125 0.07109375
3 0.53515625 0.34765625 0.0546875 0.1
0 0.478125 0.37890625 0.034375 0.04140625
0 0.3765625 0.38125 0.034375 0.04609375
1 0.6140625 0.384375 0.053125 0.07734375
0 0.33046875 0.3875 0.0359375 0.04140625
0 0.4890625 0.41875 0.040625 0.06640625
1 0.171875 0.44921875 0.075 0.10234375
0 0.353125 0.45859375 0.05625 0.07109375
0 0.5109375 0.465625 0.053125 0.06484375
0 0.2328125 0.528125 0.065625 0.08515625
0 0.3234375 0.53828125 0.06875 0.09765625
0 0.56171875 0.58125 0.0828125 0.10859375
0 0.6734375 0.8734375 0.153125 0.253125