0 0.36953125 0.30703125 0.0171875 0.02265625
0 0.4609375 0.321875 0.01875 0.03125
0 0.390625 0.33203125 0.021875 0.03125
0 0.5265625 0.36796875 0.021875 0.03984375
0 0.47578125 0.375 0.0328125 0.04140625
3 0.6125 0.37890625 0.071875 0.10859375
1 0.55078125 0.384375 0.0421875 0.05625
0 0.49375 0.40234375 0.03125 0.05
0 0.3671875 0.40546875 0.046875 0.06875
0 0.28359375 0.43984375 0.0640625 0.07109375
0 0.5140625 0.45390625 0.04375 0.0625
0 0.58203125 0.45859375 0.0453125 0.0625
0 0.71875 0.51875 0.071875 0.09609375
0 0.52890625 0.53359375 0.0578125 0.08359375
1 0.66875 0.56328125 0.103125 0.14765625
3 0.07890625 0.56640625 0.1578125 0.25
0 0.5578125 0.61875 0.078125 0.1125
0 0.6546875 0.859375 0.153125 0.24765625