1 0.62734375 0.35546875 0.0765625 0.11015625
0 0.38046875 0.38203125 0.0359375 0.05625
1 0.2171875 0.41640625 0.05 0.0875
1 0.6671875 0.41796875 0.078125 0.08125
0 0.575 0.42734375 0.03125 0.05859375
0 0.35546875 0.43125 0.0421875 0.05390625
0 0.49765625 0.44921875 0.0421875 0.06015625
0 0.59453125 0.45390625 0.0484375 0.06640625
0 0.51484375 0.48125 0.0515625 0.0625
1 0.7671875 0.48203125 0.1 0.10625
3 0.234375 0.496875 0.13125 0.20234375
1 0.640625 0.5 0.1 0.10390625
1 0.5265625 0.515625 0.053125 0.03984375
1 0.675 0.54140625 0.09375 0.18359375
1 0.56171875 0.57578125 0.0828125 0.11875
1 0.9078125 0.59375 0.184375 0.2
1 0.53984375 0.62109375 0.0796875 0.14609375
0 0.32734375 0.63984375 0.1046875 0.14609375
3 0.8515625 0.70625 0.221875 0.31640625
0 0.575 0.71328125 0.075 0.11484375
0 0.128125 0.79921875 0.14375 0.15234375
0 0.6125 0.83046875 0.115625 0.16015625
3 0.928125 0.8515625 0.14375 0.296875
0 0.64453125 0.95078125 0.1546875 0.09765625