1 0.3109375 0.35625 0.059375 0.09140625
0 0.475 0.359375 0.028125 0.03984375
1 0.259375 0.36953125 0.040625 0.04765625
0 0.54609375 0.378125 0.0296875 0.04765625
0 0.59140625 0.378125 0.0296875 0.03984375
1 0.22890625 0.39765625 0.0515625 0.075
0 0.62890625 0.409375 0.0453125 0.05234375
1 0.18359375 0.4375 0.0671875 0.08359375
0 0.49921875 0.44453125 0.0453125 0.06484375
0 0.36640625 0.44765625 0.0421875 0.05859375
0 0.6015625 0.48828125 0.053125 0.07265625
1 0.725 0.49375 0.13125 0.14609375
0 0.5234375 0.51484375 0.059375 0.07890625
1 0.18046875 0.55078125 0.1140625 0.16875
0 0.68828125 0.59296875 0.0796875 0.09375
0 0.29609375 0.64921875 0.0921875 0.11484375
1 0.08046875 0.71015625 0.1609375 0.27109375
0 0.80546875 0.73671875 0.1328125 0.16875