0 0.3234375 0.38046875 0.0375 0.04375
2 0.634375 0.40078125 0.075 0.11875
0 0.5625 0.40859375 0.040625 0.04609375
0 0.6921875 0.41015625 0.034375 0.05390625
0 0.49375 0.41171875 0.0375 0.03984375
0 0.5828125 0.45234375 0.0375 0.05859375
0 0.50390625 0.45859375 0.0390625 0.0625
1 0.62734375 0.47421875 0.0671875 0.11875
0 0.540625 0.49921875 0.059375 0.09765625
0 0.66171875 0.578125 0.0859375 0.11015625
0 0.94921875 0.646875 0.1015625 0.13125
0 0.92109375 0.70625 0.1109375 0.1
1 0.78125 0.71875 0.121875 0.19609375
1 0.9015625 0.85625 0.196875 0.2875
0 0.6421875 0.8859375 0.1375 0.228125