1 0.36171875 0.28515625 0.0203125 0.02890625
1 0.40078125 0.30078125 0.0171875 0.02265625
3 0.32734375 0.30625 0.0359375 0.05859375
1 0.34921875 0.328125 0.0359375 0.05625
1 0.29765625 0.32890625 0.0421875 0.05859375
0 0.396875 0.33203125 0.021875 0.03125
0 0.38046875 0.3625 0.0296875 0.04140625
3 0.609375 0.36640625 0.06875 0.0875
0 0.48125 0.38046875 0.034375 0.05625
1 0.553125 0.3875 0.046875 0.0875
0 0.3625 0.39609375 0.0375 0.05
0 0.57109375 0.42421875 0.0328125 0.05234375
0 0.48671875 0.42734375 0.0359375 0.06640625
3 0.709375 0.43828125 0.115625 0.18984375
0 0.5953125 0.44765625 0.04375 0.06640625
0 0.50234375 0.4625 0.0390625 0.0625
0 0.5171875 0.49453125 0.059375 0.08125
3 0.203125 0.50234375 0.1375 0.23359375
1 0.62265625 0.509375 0.0671875 0.13515625
0 0.53046875 0.534375 0.0640625 0.08515625
1 0.66796875 0.54921875 0.1078125 0.20234375
1 0.8125 0.55390625 0.13125 0.19609375
0 0.32421875 0.56875 0.0765625 0.1125
0 0.55859375 0.57734375 0.0703125 0.10390625
1 0.5359375 0.62265625 0.08125 0.15859375
1 0.76484375 0.65078125 0.0984375 0.16015625
3 0.86328125 0.734375 0.2296875 0.38984375
0 0.5734375 0.74140625 0.1 0.175
0 0.61328125 0.86171875 0.1359375 0.20625
0 0.64296875 0.95078125 0.1515625 0.09765625