0 0.3796875 0.29609375 0.021875 0.02109375
0 0.4046875 0.31015625 0.021875 0.02890625
0 0.3609375 0.31796875 0.028125 0.03125
0 0.3796875 0.359375 0.034375 0.04375
1 0.5296875 0.3625 0.03125 0.04609375
3 0.58984375 0.3625 0.0609375 0.09609375
0 0.48359375 0.37578125 0.0359375 0.03984375
0 0.5390625 0.39609375 0.034375 0.05
0 0.61328125 0.41171875 0.0734375 0.04375
0 0.49609375 0.41484375 0.0390625 0.05859375
1 0.596875 0.46484375 0.0625 0.09609375
0 0.5140625 0.47890625 0.053125 0.0625
0 0.54453125 0.55390625 0.0890625 0.0875
0 0.2984375 0.63046875 0.096875 0.13125
0 0.64140625 0.80625 0.1484375 0.23359375
0 0.06328125 0.840625 0.1265625 0.17265625
0 0.72578125 0.978125 0.1109375 0.04375