0 0.38828125 0.29140625 0.0265625 0.04140625
1 0.3609375 0.29375 0.028125 0.03359375
3 0.57734375 0.32109375 0.0609375 0.075
0 0.37421875 0.33359375 0.0453125 0.04140625
1 0.34921875 0.340625 0.0421875 0.06484375
0 0.38828125 0.365625 0.0421875 0.06484375
1 0.30546875 0.4125 0.0640625 0.07890625
3 0.215625 0.42578125 0.10625 0.22265625
0 0.4984375 0.42890625 0.0375 0.04609375
3 0.72734375 0.42890625 0.1484375 0.23359375
3 0.6109375 0.446875 0.121875 0.17265625
0 0.37109375 0.44921875 0.0640625 0.06484375
0 0.51875 0.45546875 0.040625 0.03515625
0 0.5265625 0.50859375 0.071875 0.08359375
0 0.340625 0.534375 0.08125 0.08515625
0 0.865625 0.55859375 0.1 0.12109375
3 0.70546875 0.56875 0.1796875 0.2625
0 0.55234375 0.58515625 0.0921875 0.11640625
3 0.17578125 0.58984375 0.1578125 0.28359375
0 0.58046875 0.725 0.1234375 0.18359375
3 0.87265625 0.784375 0.2546875 0.43125
0 0.63828125 0.9 0.1703125 0.2