0 0.39765625 0.33046875 0.0265625 0.02734375
0 0.54765625 0.33046875 0.0140625 0.04375
0 0.46796875 0.33203125 0.0328125 0.03125
3 0.521875 0.34140625 0.034375 0.0625
3 0.59140625 0.34921875 0.0578125 0.05625
3 0.33515625 0.35859375 0.0484375 0.12890625
0 0.4890625 0.375 0.025 0.0375
0 0.49296875 0.41796875 0.0328125 0.04765625
0 0.59609375 0.43125 0.0515625 0.05
3 0.759375 0.465625 0.159375 0.20234375
0 0.3453125 0.48984375 0.06875 0.1
0 0.61171875 0.49609375 0.0484375 0.07109375
0 0.55078125 0.57421875 0.0828125 0.10234375
3 0.93125 0.64609375 0.1375 0.275
0 0.20625 0.90078125 0.159375 0.15625
0 0.89375 0.903125 0.20625 0.19375