2 0.35390625 0.2875 0.0359375 0.05
0 0.39609375 0.32109375 0.0296875 0.0375
2 0.4671875 0.33046875 0.04375 0.06484375
2 0.51640625 0.33671875 0.0515625 0.08125
0 0.46953125 0.359375 0.0265625 0.03125
0 0.375 0.36484375 0.034375 0.05
2 0.546875 0.365625 0.0625 0.08984375
3 0.6 0.36640625 0.0625 0.1
0 0.4796875 0.36875 0.034375 0.0375
0 0.33359375 0.375 0.0359375 0.05
0 0.2390625 0.38828125 0.075 0.08984375
0 0.48046875 0.39453125 0.0328125 0.04375
0 0.48828125 0.40703125 0.0328125 0.03125
0 0.553125 0.41328125 0.040625 0.04375
0 0.6296875 0.41328125 0.03125 0.04765625
3 0.6953125 0.41953125 0.128125 0.14375
0 0.49765625 0.434375 0.0515625 0.05625
0 0.58203125 0.45625 0.0515625 0.07890625
0 0.6109375 0.50390625 0.0625 0.0875
0 0.52109375 0.53671875 0.0671875 0.10625
2 0.81328125 0.709375 0.3109375 0.42734375
0 0.5890625 0.73828125 0.125 0.18984375