0 0.29921875 0.353125 0.0265625 0.03125
1 0.5515625 0.3875 0.05 0.0875
3 0.63359375 0.39453125 0.0765625 0.10234375
1 0.2953125 0.403125 0.0625 0.08984375
0 0.49453125 0.40390625 0.0390625 0.05390625
0 0.5703125 0.425 0.040625 0.0625
0 0.5 0.428125 0.0375 0.03984375
0 0.59375 0.44921875 0.046875 0.06484375
0 0.50390625 0.4625 0.0421875 0.05859375
0 0.515625 0.490625 0.05625 0.07265625
0 0.51875 0.49296875 0.059375 0.09375
3 0.80859375 0.49609375 0.2015625 0.24140625
1 0.625 0.50859375 0.075 0.12890625
0 0.52890625 0.52265625 0.0515625 0.07109375
1 0.66875 0.54765625 0.1125 0.20859375
0 0.5578125 0.57578125 0.071875 0.11015625
1 0.534375 0.634375 0.078125 0.16484375
1 0.74453125 0.65390625 0.0546875 0.15
3 0.94453125 0.690625 0.1109375 0.32265625
0 0.58359375 0.74140625 0.1078125 0.17109375
3 0.87890625 0.76171875 0.2265625 0.41015625
0 0.61640625 0.8796875 0.1453125 0.240625