1 0.3921875 0.27265625 0.015625 0.02890625
1 0.40859375 0.284375 0.0171875 0.03515625
1 0.3453125 0.28671875 0.01875 0.02734375
1 0.37734375 0.28671875 0.0171875 0.03515625
1 0.35234375 0.31015625 0.0234375 0.0375
0 0.4625 0.31796875 0.01875 0.02265625
1 0.38828125 0.33515625 0.0296875 0.05390625
0 0.4734375 0.33828125 0.025 0.01875
0 0.4765625 0.35625 0.028125 0.02109375
0 0.334375 0.359375 0.03125 0.04765625
0 0.246875 0.37265625 0.090625 0.1375
0 0.475 0.37421875 0.021875 0.02734375
3 0.60703125 0.37421875 0.0390625 0.07265625
3 0.55078125 0.38359375 0.0453125 0.07109375
0 0.4859375 0.39140625 0.025 0.025
0 0.49296875 0.409375 0.0234375 0.02265625
1 0.65703125 0.4125 0.0515625 0.09140625
0 0.56953125 0.41953125 0.0265625 0.04765625
0 0.50703125 0.421875 0.0015625 0.00234375
0 0.5 0.434375 0.040625 0.03515625
0 0.58828125 0.44921875 0.0328125 0.06484375
1 0.725 0.465625 0.08125 0.13984375
0 0.50703125 0.46640625 0.0421875 0.04609375
0 0.52109375 0.48984375 0.0515625 0.04140625
1 0.61015625 0.5 0.0421875 0.1125
0 0.11328125 0.53125 0.0765625 0.0875
1 0.66640625 0.553125 0.0890625 0.16484375
0 0.52109375 0.55859375 0.0703125 0.11640625
1 0.7375 0.6375 0.04375 0.14140625
0 0.2671875 0.66875 0.090625 0.11640625
0 0.5625 0.678125 0.090625 0.11875
3 0.82890625 0.70234375 0.1609375 0.31640625
0 0.60234375 0.82109375 0.1234375 0.15
0 0.64921875 0.9515625 0.1328125 0.096875