3 0.3609375 0.303125 0.028125 0.03515625
0 0.396875 0.325 0.0125 0.02109375
0 0.46484375 0.328125 0.0234375 0.02734375
3 0.525 0.33125 0.0375 0.07890625
3 0.34375 0.33984375 0.040625 0.05390625
0 0.39296875 0.34765625 0.0140625 0.0375
0 0.47890625 0.35859375 0.0296875 0.02890625
1 0.2859375 0.359375 0.0375 0.03984375
0 0.6375 0.3875 0.009375 0.0375
0 0.2328125 0.41796875 0.04375 0.05234375
1 0.584375 0.42890625 0.04375 0.06640625
0 0.36875 0.43203125 0.034375 0.06484375
3 0.6921875 0.44765625 0.096875 0.13359375
0 0.19609375 0.453125 0.0421875 0.04375
0 0.11875 0.53203125 0.0625 0.09765625
1 0.20390625 0.53671875 0.0609375 0.11015625
0 0.3125 0.58828125 0.078125 0.12265625
3 0.86796875 0.63984375 0.0953125 0.10859375
3 0.70703125 0.64140625 0.0796875 0.1
0 0.578125 0.690625 0.10625 0.10625
1 0.07578125 0.740625 0.1421875 0.33984375
0 0.18984375 0.96875 0.1671875 0.0625