3 0.37734375 0.28828125 0.0296875 0.04375
2 0.409375 0.29375 0.021875 0.02890625
1 0.3421875 0.29921875 0.025 0.03515625
0 0.39765625 0.31640625 0.0234375 0.03359375
0 0.38671875 0.340625 0.0265625 0.03515625
3 0.27578125 0.34453125 0.0640625 0.08515625
1 0.36640625 0.38203125 0.0390625 0.05234375
1 0.553125 0.3875 0.046875 0.0875
3 0.6734375 0.39921875 0.09375 0.14375
0 0.57109375 0.42421875 0.0328125 0.05234375
1 0.2734375 0.425 0.06875 0.09609375
0 0.5953125 0.44765625 0.04375 0.06640625
0 0.50234375 0.4625 0.0390625 0.0625
1 0.10859375 0.484375 0.1265625 0.13515625
1 0.7328125 0.48828125 0.096875 0.15625
0 0.5171875 0.49453125 0.059375 0.08125
1 0.62265625 0.509375 0.0671875 0.13515625
0 0.53046875 0.534375 0.0640625 0.08515625
0 0.3265625 0.54296875 0.065625 0.07734375
1 0.66796875 0.54921875 0.1078125 0.20234375
0 0.55859375 0.57734375 0.0703125 0.10390625
1 0.5359375 0.62265625 0.08125 0.15859375
1 0.76484375 0.65078125 0.0984375 0.16015625
3 0.86328125 0.734375 0.2296875 0.38984375
0 0.5734375 0.74140625 0.1 0.175
0 0.2296875 0.82265625 0.134375 0.1625
0 0.61328125 0.86171875 0.1359375 0.20625
0 0.64296875 0.95078125 0.1515625 0.09765625