3 0.36015625 0.30234375 0.0484375 0.08359375
0 0.4015625 0.30703125 0.025 0.02734375
0 0.603125 0.346875 0.05 0.06015625
0 0.52421875 0.34765625 0.0296875 0.03359375
1 0.31875 0.3625 0.059375 0.07890625
1 0.37578125 0.38671875 0.0515625 0.08984375
0 0.525 0.39375 0.046875 0.05859375
1 0.69140625 0.40703125 0.1046875 0.11484375
1 0.59375 0.41328125 0.06875 0.09375
0 0.4796875 0.425 0.04375 0.05390625
0 0.50625 0.46875 0.05 0.08359375
0 0.5125 0.50703125 0.05625 0.07734375
0 0.32265625 0.53125 0.0890625 0.0875
0 0.86171875 0.540625 0.0859375 0.15234375
0 0.55 0.59140625 0.103125 0.1375
0 0.5796875 0.67734375 0.121875 0.16640625
3 0.81328125 0.7125 0.2921875 0.4625
0 0.21796875 0.84296875 0.1578125 0.23125
0 0.6234375 0.88828125 0.153125 0.22265625