0 0.34296875 0.34921875 0.0265625 0.02734375
2 0.5984375 0.359375 0.053125 0.08515625
2 0.6609375 0.41640625 0.090625 0.12890625
0 0.5 0.43125 0.04375 0.05859375
0 0.58046875 0.43515625 0.0484375 0.05859375
0 0.7359375 0.446875 0.05 0.06484375
0 0.6046875 0.47109375 0.05 0.06640625
0 0.51484375 0.48515625 0.0515625 0.07109375
1 0.66953125 0.52890625 0.0890625 0.15
0 0.55859375 0.553125 0.0734375 0.10625
0 0.72265625 0.67109375 0.1109375 0.1375
0 0.25390625 0.70234375 0.1109375 0.1375
1 0.90625 0.88203125 0.1875 0.23515625