3 0.3484375 0.28984375 0.025 0.04609375
0 0.3890625 0.33359375 0.021875 0.02890625
3 0.53828125 0.34921875 0.0453125 0.09375
1 0.5984375 0.359375 0.04375 0.06484375
0 0.471875 0.36640625 0.025 0.02890625
0 0.48984375 0.4 0.0359375 0.04140625
0 0.4953125 0.42734375 0.034375 0.04140625
3 0.60390625 0.43984375 0.0828125 0.12109375
0 0.515625 0.46875 0.046875 0.05
0 0.51484375 0.51015625 0.0484375 0.07890625
0 0.540625 0.56328125 0.059375 0.09765625
0 0.56171875 0.628125 0.0828125 0.11875
0 0.87578125 0.66640625 0.1109375 0.13359375
0 0.0953125 0.67734375 0.10625 0.1125
0 0.59609375 0.78125 0.1078125 0.18359375
0 0.98046875 0.78125 0.0390625 0.1375
0 0.67734375 0.95078125 0.1484375 0.09765625
0 0.940625 0.9609375 0.11875 0.078125