0 0.58515625 0.3625 0.0390625 0.05
0 0.53671875 0.38046875 0.0296875 0.03984375
0 0.6046875 0.39609375 0.034375 0.04140625
0 0.4859375 0.39765625 0.034375 0.04140625
1 0.64609375 0.40390625 0.0515625 0.06640625
0 0.5671875 0.42578125 0.0375 0.05234375
0 0.496875 0.4375 0.0375 0.05390625
3 0.7453125 0.475 0.146875 0.22890625
1 0.12734375 0.48046875 0.0921875 0.11484375
0 0.52421875 0.50234375 0.0609375 0.0875
3 0.64140625 0.51875 0.1203125 0.17109375
0 0.56484375 0.63828125 0.0890625 0.12734375
0 0.9375 0.746875 0.125 0.13125
0 0.62265625 0.853125 0.1328125 0.22265625
0 0.91328125 0.9453125 0.1734375 0.109375