0 0.40078125 0.25546875 0.0109375 0.01875
0 0.36796875 0.26796875 0.0109375 0.01484375
1 0.3859375 0.275 0.015625 0.02890625
0 0.45234375 0.27890625 0.0140625 0.02109375
1 0.40625 0.284375 0.015625 0.02734375
0 0.45703125 0.29375 0.0171875 0.01640625
1 0.340625 0.29609375 0.028125 0.04140625
1 0.36796875 0.30546875 0.0234375 0.03984375
3 0.5015625 0.30625 0.03125 0.07109375
0 0.46171875 0.31171875 0.0234375 0.01875
0 0.40078125 0.31484375 0.0171875 0.025
0 0.46640625 0.32421875 0.0203125 0.01484375
3 0.5765625 0.32578125 0.05 0.06484375
0 0.4734375 0.33984375 0.021875 0.025
1 0.315625 0.34375 0.040625 0.05859375
1 0.528125 0.35390625 0.040625 0.075
0 0.47578125 0.359375 0.0265625 0.02265625
1 0.59921875 0.371875 0.0484375 0.06875
1 0.3671875 0.38359375 0.053125 0.07890625
0 0.48125 0.38359375 0.028125 0.03359375
1 0.55234375 0.39140625 0.0453125 0.08359375
1 0.28984375 0.4 0.0453125 0.05859375
1 0.64375 0.40546875 0.046875 0.08515625
0 0.490625 0.40703125 0.028125 0.02734375
0 0.57109375 0.425 0.0296875 0.04140625
0 0.5 0.43515625 0.0375 0.0375
1 0.70234375 0.43984375 0.0734375 0.10859375
0 0.59375 0.45 0.04375 0.06640625
0 0.50859375 0.4625 0.0359375 0.0375
1 0.78046875 0.52265625 0.0734375 0.1
0 0.51796875 0.53046875 0.0609375 0.10234375
1 0.6734375 0.55546875 0.096875 0.19765625
0 0.5484375 0.640625 0.075 0.11875
3 0.8359375 0.72265625 0.153125 0.35390625
0 0.59609375 0.79609375 0.1109375 0.18359375
3 0.93984375 0.84375 0.1203125 0.30859375
0 0.646875 0.95 0.128125 0.1