2 0.61796875 0.38359375 0.0734375 0.09609375
0 0.54609375 0.39140625 0.0328125 0.04140625
0 0.4859375 0.39453125 0.0375 0.03984375
0 0.2984375 0.421875 0.0375 0.04375
0 0.559375 0.421875 0.03125 0.05234375
0 0.49453125 0.43125 0.0390625 0.05390625
1 0.59921875 0.43671875 0.0609375 0.09375
0 0.5296875 0.46875 0.05 0.06640625
0 0.61171875 0.50546875 0.0640625 0.08984375
0 0.803125 0.52578125 0.084375 0.09375
1 0.69296875 0.58359375 0.0765625 0.12890625
0 0.8328125 0.61796875 0.071875 0.09765625
0 0.56796875 0.67109375 0.0921875 0.14140625
1 0.76484375 0.68125 0.1421875 0.24609375
0 0.690625 0.93203125 0.165625 0.13515625