1 0.321875 0.35546875 0.040625 0.06875
0 0.3765625 0.39765625 0.040625 0.04609375
1 0.66640625 0.41640625 0.0765625 0.10390625
0 0.5890625 0.44140625 0.046875 0.06640625
0 0.5046875 0.45234375 0.040625 0.05
1 0.51328125 0.5 0.0671875 0.09140625
1 0.61796875 0.50703125 0.0546875 0.12734375
1 0.76484375 0.51875 0.0703125 0.10859375
1 0.68046875 0.565625 0.1140625 0.18515625
0 0.51328125 0.56875 0.0734375 0.10859375
1 0.7296875 0.6375 0.05 0.1625
0 0.5578125 0.65546875 0.090625 0.15234375
0 0.62109375 0.8953125 0.1609375 0.209375