1 0.5953125 0.37265625 0.040625 0.05859375
0 0.37578125 0.390625 0.0328125 0.03984375
0 0.565625 0.40234375 0.0375 0.05390625
0 0.3015625 0.41171875 0.040625 0.05234375
1 0.221875 0.41796875 0.0625 0.07734375
0 0.64765625 0.43125 0.0421875 0.05390625
1 0.1640625 0.44921875 0.075 0.11015625
0 0.5046875 0.453125 0.04375 0.07734375
0 0.359375 0.459375 0.053125 0.06015625
1 0.6125 0.465625 0.0625 0.10234375
0 0.5203125 0.51875 0.05625 0.08359375
0 0.33203125 0.53515625 0.0671875 0.08359375
1 0.78203125 0.53671875 0.0640625 0.12265625
1 0.1625 0.5625 0.121875 0.16640625
3 0.7390625 0.6 0.21875 0.34140625
1 0.92578125 0.66875 0.1453125 0.22890625
2 0.6265625 0.71171875 0.215625 0.41484375
0 0.2484375 0.78828125 0.1125 0.13515625