1 0.26328125 0.365625 0.0296875 0.06875
0 0.38125 0.365625 0.015625 0.04765625
0 0.5421875 0.378125 0.03125 0.07265625
3 0.3125 0.38671875 0.05 0.09375
0 0.47734375 0.38671875 0.0328125 0.05234375
0 0.653125 0.41796875 0.025 0.05625
0 0.36953125 0.42109375 0.0453125 0.0625
0 0.50625 0.44765625 0.05625 0.10859375
3 0.60703125 0.45 0.0640625 0.15
0 0.20078125 0.45390625 0.0484375 0.075
0 0.34140625 0.4875 0.0515625 0.07109375
0 0.23046875 0.56015625 0.0671875 0.0625
0 0.084375 0.60234375 0.06875 0.07890625
3 0.884375 0.62890625 0.209375 0.29140625
0 0.62109375 0.73125 0.1203125 0.18359375
0 0.259375 0.79453125 0.109375 0.15625