0 0.39296875 0.34375 0.0453125 0.06640625
3 0.3 0.37109375 0.084375 0.1375
3 0.6109375 0.45546875 0.065625 0.12265625
0 0.4890625 0.46171875 0.053125 0.08984375
3 0.14140625 0.46953125 0.1359375 0.14765625
3 0.75390625 0.478125 0.1265625 0.16015625
0 0.50546875 0.503125 0.0484375 0.12265625
0 0.5828125 0.51640625 0.078125 0.1125
0 0.2046875 0.5625 0.103125 0.1375
0 0.675 0.565625 0.05 0.13984375
0 0.540625 0.6 0.075 0.15
3 0.77265625 0.628125 0.1734375 0.28125
0 0.59296875 0.7125 0.1078125 0.175
3 0.8875 0.80703125 0.225 0.38515625
0 0.6265625 0.87890625 0.15625 0.24140625