3 0.33984375 0.33203125 0.0453125 0.07265625
1 0.284375 0.36015625 0.040625 0.0625
0 0.375 0.38125 0.0375 0.04609375
0 0.49140625 0.40625 0.0359375 0.04609375
0 0.6453125 0.41015625 0.03125 0.075
3 0.59375 0.428125 0.096875 0.16015625
0 0.265625 0.44140625 0.046875 0.05390625
3 0.71484375 0.459375 0.1234375 0.17265625
0 0.35 0.48046875 0.05 0.06015625
1 0.22578125 0.49765625 0.0671875 0.12890625
1 0.0984375 0.528125 0.10625 0.13515625
0 0.55078125 0.6 0.0828125 0.12109375
3 0.91484375 0.60390625 0.1703125 0.2
0 0.75703125 0.68125 0.1140625 0.16640625
0 0.2390625 0.75859375 0.13125 0.16640625
2 0.9125 0.8234375 0.175 0.353125