0 0.38046875 0.35703125 0.0359375 0.04375
1 0.53828125 0.36328125 0.0453125 0.07265625
0 0.27421875 0.37578125 0.0390625 0.04375
3 0.6390625 0.384375 0.065625 0.10234375
0 0.49765625 0.40546875 0.0390625 0.04765625
0 0.696875 0.40703125 0.05 0.05625
2 0.5875 0.40859375 0.078125 0.125
0 0.34375 0.459375 0.05 0.06484375
0 0.51953125 0.48984375 0.0546875 0.07109375
3 0.7625 0.49296875 0.134375 0.15234375
1 0.64609375 0.53046875 0.0765625 0.13515625
0 0.54921875 0.59296875 0.0734375 0.09765625
1 0.75 0.63984375 0.1625 0.3
0 0.64453125 0.87109375 0.1421875 0.22890625