2 0.3921875 0.275 0.025 0.03359375
0 0.41171875 0.28828125 0.0171875 0.02734375
0 0.39765625 0.31015625 0.0203125 0.02109375
3 0.5703125 0.32890625 0.059375 0.09140625
3 0.34453125 0.33515625 0.0359375 0.0625
3 0.29921875 0.3375 0.0484375 0.05859375
0 0.3875 0.33828125 0.034375 0.03515625
3 0.5234375 0.33984375 0.053125 0.07109375
3 0.54765625 0.38046875 0.0484375 0.07265625
3 0.621875 0.38046875 0.05 0.08515625
0 0.378125 0.38203125 0.0375 0.04765625
1 0.30546875 0.38671875 0.0546875 0.08515625
3 0.65546875 0.40625 0.0640625 0.10390625
0 0.50234375 0.41640625 0.0484375 0.0375
1 0.26328125 0.42734375 0.0578125 0.0875
0 0.59453125 0.43671875 0.0390625 0.05234375
0 0.50390625 0.44453125 0.0421875 0.03515625
0 0.7984375 0.47578125 0.059375 0.05234375
3 0.7234375 0.49140625 0.0875 0.1
1 0.51640625 0.5 0.0609375 0.0875
1 0.6265625 0.50390625 0.075 0.125
0 0.3359375 0.50625 0.075 0.07890625
3 0.8484375 0.53515625 0.134375 0.12109375
1 0.66796875 0.54609375 0.1015625 0.20859375
0 0.52578125 0.56328125 0.0671875 0.08984375
0 0.5609375 0.63515625 0.09375 0.12890625
1 0.75546875 0.63828125 0.0921875 0.15625
3 0.85390625 0.740625 0.2265625 0.42734375
0 0.59609375 0.81171875 0.1453125 0.18984375
3 0.925 0.846875 0.15 0.30625
0 0.76796875 0.94375 0.2078125 0.1125