0 0.3984375 0.30625 0.03125 0.04140625
0 0.38984375 0.33984375 0.0296875 0.04609375
0 0.4796875 0.36015625 0.025 0.04140625
1 0.5578125 0.38671875 0.04375 0.07734375
0 0.4890625 0.40390625 0.0375 0.0375
0 0.36796875 0.42109375 0.0734375 0.09140625
0 0.4953125 0.45546875 0.040625 0.05625
0 0.5234375 0.50859375 0.053125 0.0875
1 0.23359375 0.51484375 0.1359375 0.2
3 0.68671875 0.54453125 0.1859375 0.27734375
0 0.9140625 0.69921875 0.115625 0.14765625
0 0.64140625 0.83828125 0.1171875 0.19375
0 0.1765625 0.9265625 0.184375 0.146875