3 0.50859375 0.321875 0.0421875 0.06484375
0 0.38125 0.34296875 0.034375 0.03984375
2 0.3328125 0.35390625 0.053125 0.07890625
1 0.2640625 0.36640625 0.040625 0.07109375
1 0.553125 0.378125 0.053125 0.10234375
1 0.3765625 0.38515625 0.040625 0.05390625
0 0.48359375 0.3875 0.0328125 0.04609375
1 0.63359375 0.41484375 0.0609375 0.1
0 0.25703125 0.465625 0.0609375 0.06875
0 0.34453125 0.478125 0.0546875 0.06484375
0 0.15625 0.66328125 0.10625 0.12265625
0 0.6390625 0.75234375 0.1125 0.18359375
0 0.84375 0.81171875 0.153125 0.21015625
0 0.2234375 0.884375 0.146875 0.19375