1 0.54609375 0.328125 0.0328125 0.05234375
0 0.47890625 0.353125 0.0453125 0.04765625
0 0.37421875 0.378125 0.0328125 0.04375
0 0.30546875 0.396875 0.0484375 0.04765625
0 0.37109375 0.41328125 0.0484375 0.05625
0 0.48671875 0.42421875 0.0484375 0.06875
1 0.26171875 0.43125 0.0734375 0.11640625
0 0.35546875 0.45703125 0.0703125 0.07734375
1 0.72421875 0.471875 0.0828125 0.13984375
1 0.21953125 0.49296875 0.1046875 0.13984375
0 0.62109375 0.50234375 0.0671875 0.08359375
0 0.53203125 0.50625 0.0703125 0.09609375
0 0.3 0.61875 0.115625 0.13359375
0 0.72265625 0.66875 0.1171875 0.16640625
0 0.9171875 0.9 0.165625 0.19140625