0 0.5125 0.33671875 0.025 0.04765625
0 0.39296875 0.3375 0.0265625 0.03359375
3 0.25078125 0.36171875 0.0734375 0.09375
0 0.38203125 0.375 0.0359375 0.04609375
1 0.29375 0.39453125 0.04375 0.06875
3 0.665625 0.409375 0.071875 0.14765625
3 0.5921875 0.41015625 0.075 0.15390625
0 0.73359375 0.45390625 0.0546875 0.075
0 0.34765625 0.46640625 0.0734375 0.1125
2 0.5265625 0.46875 0.11875 0.18359375
1 0.2546875 0.48046875 0.103125 0.16015625
0 0.14140625 0.52265625 0.1015625 0.11640625
0 0.77890625 0.55859375 0.0921875 0.15390625
0 0.859375 0.55859375 0.1 0.11640625
0 0.28125 0.69140625 0.125 0.18359375
1 0.09140625 0.70546875 0.1828125 0.24375
1 0.9515625 0.7125 0.096875 0.25859375