3 0.62109375 0.37265625 0.0578125 0.0875
2 0.56796875 0.38359375 0.0640625 0.1
0 0.23515625 0.41171875 0.0421875 0.05234375
0 0.36953125 0.41328125 0.0484375 0.06015625
0 0.50625 0.44765625 0.05 0.05390625
3 0.70390625 0.45234375 0.1078125 0.15
1 0.60234375 0.46875 0.0515625 0.10859375
0 0.5203125 0.5125 0.059375 0.075
0 0.8125 0.515625 0.06875 0.07734375
1 0.67578125 0.53671875 0.1171875 0.20625
0 0.9546875 0.63515625 0.090625 0.12890625
0 0.56875 0.64296875 0.0875 0.13515625
0 0.2765625 0.6625 0.096875 0.12109375
1 0.80859375 0.73125 0.1890625 0.325