2 0.35234375 0.32421875 0.0546875 0.08984375
0 0.3890625 0.340625 0.034375 0.04375
0 0.37578125 0.38359375 0.0453125 0.04609375
0 0.5765625 0.421875 0.05 0.06015625
3 0.2796875 0.42890625 0.078125 0.125
3 0.653125 0.43046875 0.065625 0.06875
1 0.36015625 0.45390625 0.0578125 0.09609375
3 0.13359375 0.475 0.1203125 0.1625
0 0.5921875 0.47890625 0.040625 0.07890625
3 0.73046875 0.48046875 0.0953125 0.16875
3 0.62421875 0.50625 0.0734375 0.12890625
0 0.21953125 0.54140625 0.0828125 0.125
3 0.66640625 0.54609375 0.0921875 0.17109375
0 0.5140625 0.54765625 0.075 0.10859375
3 0.90078125 0.55625 0.1984375 0.20390625
0 0.54765625 0.6 0.0984375 0.11640625
0 0.3140625 0.609375 0.096875 0.13984375
1 0.73828125 0.621875 0.0640625 0.12734375
3 0.84609375 0.68203125 0.2109375 0.28984375
0 0.5578125 0.709375 0.109375 0.18984375
3 0.9203125 0.8265625 0.159375 0.346875
0 0.72890625 0.85625 0.1640625 0.28359375
0 0.596875 0.928125 0.125 0.14375