0 0.40234375 0.30625 0.0234375 0.02890625
1 0.32109375 0.32890625 0.0359375 0.05390625
0 0.39296875 0.33203125 0.0296875 0.03125
0 0.35859375 0.33515625 0.0328125 0.04609375
0 0.3609375 0.36875 0.034375 0.04609375
3 0.6375 0.37421875 0.078125 0.10234375
3 0.5640625 0.38359375 0.071875 0.1125
0 0.2828125 0.43046875 0.053125 0.09375
0 0.72890625 0.440625 0.0609375 0.06015625
3 0.621875 0.465625 0.11875 0.16015625
0 0.5109375 0.48125 0.075 0.0875
0 0.528125 0.54921875 0.078125 0.11015625
1 0.178125 0.5875 0.13125 0.19609375
3 0.90859375 0.61953125 0.1671875 0.22265625
3 0.7515625 0.63671875 0.25 0.37734375
0 0.56875 0.65703125 0.109375 0.14765625
0 0.59453125 0.8 0.1203125 0.18359375
0 0.6578125 0.9109375 0.171875 0.178125