0 0.4 0.32578125 0.03125 0.03515625
3 0.3109375 0.35234375 0.096875 0.18359375
0 0.38125 0.375 0.046875 0.04140625
0 0.49765625 0.43515625 0.0546875 0.04609375
0 0.50546875 0.47890625 0.0609375 0.07109375
0 0.528125 0.5125 0.06875 0.07109375
1 0.18828125 0.56015625 0.1421875 0.24140625
0 0.55390625 0.58359375 0.1109375 0.09609375
3 0.73125 0.58359375 0.221875 0.3125
0 0.84609375 0.59375 0.0921875 0.09609375
2 0.284375 0.67265625 0.159375 0.30390625
2 0.578125 0.72890625 0.1 0.1875
3 0.903125 0.83828125 0.19375 0.32265625