0 0.35 0.34609375 0.028125 0.04140625
0 0.47890625 0.37421875 0.0296875 0.03125
3 0.63125 0.378125 0.078125 0.12265625
0 0.49453125 0.39453125 0.0390625 0.04765625
3 0.5625 0.40234375 0.071875 0.09140625
0 0.29140625 0.428125 0.0421875 0.06015625
0 0.4984375 0.45078125 0.04375 0.06015625
0 0.34609375 0.48984375 0.0546875 0.0625
0 0.6328125 0.52265625 0.065625 0.075
0 0.52578125 0.53828125 0.0609375 0.08515625
3 0.840625 0.734375 0.31875 0.53125
0 0.6171875 0.81953125 0.1125 0.18125
0 0.07578125 0.83515625 0.1515625 0.175