1 0.31796875 0.32265625 0.0328125 0.04609375
0 0.38828125 0.34375 0.0203125 0.025
3 0.5984375 0.34609375 0.059375 0.10390625
3 0.54609375 0.35859375 0.0640625 0.10859375
1 0.265625 0.37109375 0.04375 0.05859375
1 0.31484375 0.371875 0.0359375 0.06015625
2 0.48671875 0.37421875 0.0578125 0.09765625
0 0.37109375 0.38671875 0.0359375 0.04765625
0 0.665625 0.38984375 0.034375 0.04140625
0 0.52109375 0.50625 0.0609375 0.07890625
3 0.68046875 0.553125 0.1640625 0.27734375
3 0.83671875 0.57109375 0.2015625 0.25390625
0 0.30625 0.63203125 0.084375 0.09765625
1 0.12890625 0.64609375 0.1484375 0.175