0 0.3359375 0.36953125 0.04375 0.05625
1 0.22421875 0.39140625 0.0640625 0.09140625
3 0.653125 0.41328125 0.10625 0.11484375
0 0.34140625 0.48359375 0.0734375 0.1
0 0.51640625 0.49140625 0.0640625 0.08359375
1 0.625 0.50703125 0.090625 0.13984375
0 0.52890625 0.52578125 0.0703125 0.08984375
0 0.73828125 0.53046875 0.0578125 0.09375
1 0.696875 0.58203125 0.159375 0.25234375
0 0.2515625 0.584375 0.10625 0.13515625
3 0.87734375 0.59140625 0.2453125 0.45390625
0 0.5765625 0.59765625 0.078125 0.12890625
1 0.5359375 0.65390625 0.1 0.19609375
0 0.609375 0.87421875 0.171875 0.23515625
1 0.92734375 0.8984375 0.1453125 0.203125