1 0.35390625 0.32890625 0.0328125 0.06640625
0 0.38515625 0.36171875 0.0421875 0.04765625
1 0.31484375 0.36953125 0.0453125 0.07265625
1 0.62109375 0.38359375 0.0515625 0.09140625
1 0.55234375 0.38828125 0.0515625 0.08984375
1 0.28671875 0.39375 0.0546875 0.0625
1 0.66171875 0.40546875 0.0734375 0.10234375
1 0.5921875 0.4375 0.040625 0.04609375
0 0.3546875 0.4625 0.053125 0.08359375
1 0.62421875 0.51328125 0.0609375 0.12734375
3 0.86484375 0.53046875 0.1578125 0.11015625
1 0.66953125 0.54609375 0.0921875 0.175
0 0.521875 0.56640625 0.065625 0.1
0 0.5515625 0.64375 0.096875 0.16640625
1 0.74453125 0.64375 0.0671875 0.14140625
3 0.8515625 0.69921875 0.203125 0.32265625
3 0.92734375 0.846875 0.1453125 0.30625
0 0.60234375 0.85078125 0.1328125 0.23984375