1 0.2859375 0.33984375 0.04375 0.06640625
0 0.37890625 0.37109375 0.0390625 0.04140625
3 0.30546875 0.38984375 0.0734375 0.09609375
1 0.56015625 0.396875 0.0484375 0.08984375
0 0.4890625 0.41328125 0.04375 0.05625
0 0.63125 0.42578125 0.0375 0.04765625
1 0.6796875 0.44296875 0.075 0.12265625
0 0.5109375 0.45 0.053125 0.075
0 0.60859375 0.49609375 0.0515625 0.075
3 0.8140625 0.53046875 0.2 0.24375
1 0.675 0.56015625 0.096875 0.1625
0 0.54609375 0.61640625 0.0734375 0.10859375
1 0.8859375 0.83359375 0.228125 0.32890625
0 0.2109375 0.85078125 0.13125 0.15625