0 0.38125 0.36640625 0.03125 0.04140625
2 0.6015625 0.36796875 0.0625 0.08984375
1 0.565625 0.40234375 0.04375 0.0875
0 0.515625 0.42890625 0.046875 0.07109375
0 0.58203125 0.44765625 0.0453125 0.0625
0 0.68828125 0.44921875 0.0640625 0.06875
0 0.8078125 0.5 0.065625 0.08359375
0 0.52265625 0.53203125 0.0640625 0.08125
1 0.6640625 0.53203125 0.09375 0.14765625
0 0.74140625 0.5375 0.0703125 0.07109375
0 0.21328125 0.55859375 0.0796875 0.08359375
1 0.8625 0.60390625 0.14375 0.225
0 0.58828125 0.678125 0.1046875 0.16015625
0 0.83046875 0.803125 0.1578125 0.21484375