2 0.4640625 0.33671875 0.04375 0.06484375
2 0.52578125 0.33671875 0.0515625 0.08125
0 0.46953125 0.359375 0.0265625 0.03125
1 0.6203125 0.38359375 0.0625 0.1
2 0.56484375 0.38984375 0.0671875 0.10859375
0 0.48046875 0.39453125 0.0328125 0.04375
0 0.2890625 0.43046875 0.046875 0.06484375
0 0.65234375 0.43671875 0.0453125 0.06015625
0 0.49765625 0.43828125 0.0421875 0.06484375
3 0.7625 0.48203125 0.159375 0.19765625
0 0.51484375 0.48359375 0.0421875 0.07109375
0 0.32890625 0.51015625 0.0671875 0.075
0 0.6203125 0.51328125 0.06875 0.08984375
0 0.525 0.546875 0.075 0.10625
1 0.16171875 0.553125 0.1046875 0.12265625
0 0.93046875 0.603125 0.1078125 0.10625
0 0.7046875 0.64921875 0.1 0.13125
0 0.5578125 0.65546875 0.10625 0.13984375