0 0.34921875 0.34296875 0.0265625 0.03984375
1 0.284375 0.34921875 0.053125 0.08125
0 0.37265625 0.38203125 0.0328125 0.04375
0 0.49296875 0.40234375 0.0421875 0.04140625
1 0.57265625 0.415625 0.0578125 0.09765625
0 0.4890625 0.42578125 0.034375 0.04765625
0 0.66171875 0.42890625 0.0515625 0.05859375
0 0.50625 0.45859375 0.046875 0.0625
0 0.6046875 0.47578125 0.05 0.06484375
0 0.7203125 0.478125 0.0625 0.07265625
0 0.321875 0.53671875 0.071875 0.08515625
0 0.52890625 0.5375 0.0671875 0.09140625
1 0.8796875 0.59453125 0.225 0.24375
0 0.55390625 0.65625 0.0953125 0.14140625
0 0.80234375 0.79296875 0.1359375 0.17265625
0 0.65703125 0.9140625 0.1546875 0.171875