0 0.38828125 0.3375 0.0265625 0.03359375
3 0.5359375 0.34765625 0.05625 0.1125
0 0.59140625 0.37890625 0.0359375 0.04609375
2 0.6484375 0.38203125 0.0625 0.10234375
1 0.30390625 0.39296875 0.0515625 0.06484375
0 0.49140625 0.41640625 0.0390625 0.04609375
0 0.61484375 0.43515625 0.0421875 0.05390625
0 0.35546875 0.44453125 0.0515625 0.05234375
1 0.7015625 0.45 0.084375 0.11640625
0 0.50546875 0.4625 0.0484375 0.05390625
1 0.6734375 0.49609375 0.1 0.15859375
0 0.53203125 0.56875 0.0703125 0.0875
3 0.83984375 0.7625 0.3203125 0.475
0 0.60859375 0.78046875 0.1203125 0.21484375