0 0.571875 0.353125 0.034375 0.03984375
0 0.52890625 0.36796875 0.0296875 0.03984375
0 0.59140625 0.37890625 0.0390625 0.04140625
0 0.5546875 0.40546875 0.034375 0.04765625
0 0.490625 0.41015625 0.0375 0.05390625
3 0.70859375 0.44375 0.1203125 0.2
0 0.5125 0.465625 0.059375 0.07734375
3 0.6171875 0.478125 0.096875 0.13125
1 0.0546875 0.54453125 0.109375 0.15625
0 0.53984375 0.571875 0.0734375 0.10625
0 0.8859375 0.68203125 0.11875 0.12265625
0 0.58828125 0.74765625 0.1078125 0.17890625
0 0.803125 0.78515625 0.125 0.15390625