1 0.321875 0.321875 0.028125 0.04375
0 0.3953125 0.33828125 0.025 0.03515625
0 0.35234375 0.34140625 0.0296875 0.0375
3 0.603125 0.36015625 0.0625 0.09609375
0 0.48203125 0.365625 0.0296875 0.03125
0 0.5390625 0.384375 0.034375 0.04375
0 0.490625 0.396875 0.034375 0.04765625
3 0.29375 0.40859375 0.059375 0.0875
0 0.228125 0.41953125 0.053125 0.07265625
0 0.49609375 0.44609375 0.0484375 0.0625
1 0.8546875 0.48125 0.1125 0.1125
3 0.64375 0.49609375 0.134375 0.22109375
0 0.1171875 0.54296875 0.08125 0.08984375
0 0.53203125 0.54375 0.0671875 0.1
0 0.3 0.59140625 0.084375 0.1125
1 0.85703125 0.621875 0.1359375 0.16875
0 0.58125 0.678125 0.103125 0.15234375