1 0.3421875 0.28984375 0.046875 0.05390625
2 0.60859375 0.32890625 0.0390625 0.05390625
0 0.3953125 0.33046875 0.0375 0.03984375
1 0.6 0.36640625 0.046875 0.07890625
3 0.559375 0.396875 0.075 0.11875
0 0.4953125 0.41171875 0.040625 0.05234375
0 0.5046875 0.45 0.05625 0.07109375
0 0.51875 0.53203125 0.0625 0.10625
0 0.309375 0.54921875 0.078125 0.08515625
0 0.86796875 0.60859375 0.0828125 0.1125
1 0.796875 0.70078125 0.153125 0.26875
0 0.971875 0.74453125 0.05625 0.16875
0 0.63125 0.809375 0.10625 0.18984375