0 0.38984375 0.34765625 0.0421875 0.05
0 0.2984375 0.35234375 0.0375 0.04609375
1 0.3421875 0.35546875 0.04375 0.08515625
1 0.596875 0.36640625 0.040625 0.075
3 0.55078125 0.38359375 0.0515625 0.07890625
0 0.49140625 0.39375 0.0421875 0.075
0 0.66171875 0.39453125 0.0390625 0.06015625
0 0.38671875 0.39765625 0.0359375 0.05390625
1 0.14375 0.484375 0.1 0.15625
0 0.78828125 0.49609375 0.0765625 0.12890625
0 0.53046875 0.50703125 0.0640625 0.09375
0 0.31796875 0.56015625 0.0765625 0.1125
1 0.9234375 0.709375 0.153125 0.26875
0 0.2890625 0.75 0.121875 0.19140625
0 0.675 0.8875 0.190625 0.225