2 0.540625 0.35859375 0.0625 0.0875
3 0.6625 0.3875 0.1 0.1125
0 0.48125 0.39296875 0.0375 0.04375
0 0.36171875 0.434375 0.0421875 0.05234375
0 0.490625 0.43515625 0.05 0.0625
2 0.58515625 0.43515625 0.0828125 0.15859375
0 0.2625 0.44140625 0.046875 0.05390625
0 0.509375 0.45234375 0.04375 0.0375
0 0.71640625 0.490625 0.0359375 0.06484375
3 0.65703125 0.5 0.1234375 0.22890625
0 0.51484375 0.50625 0.0640625 0.0875
0 0.7609375 0.52578125 0.065625 0.07265625
0 0.79453125 0.55625 0.0671875 0.05859375
0 0.5515625 0.57265625 0.096875 0.12109375
0 0.859375 0.60390625 0.09375 0.07109375
0 0.69375 0.61484375 0.0875 0.1375
0 0.559375 0.65546875 0.096875 0.11875
0 0.58046875 0.75625 0.1171875 0.17109375
3 0.88046875 0.81015625 0.2390625 0.37890625
0 0.6484375 0.89921875 0.15 0.19765625