2 0.3453125 0.34453125 0.03125 0.05625
0 0.38515625 0.359375 0.0328125 0.03984375
2 0.54375 0.36484375 0.053125 0.08359375
1 0.65 0.396875 0.08125 0.11484375
0 0.490625 0.39921875 0.040625 0.04375
1 0.55625 0.41796875 0.028125 0.07265625
1 0.596875 0.43203125 0.071875 0.13515625
0 0.5 0.43359375 0.0375 0.05
0 0.72578125 0.43671875 0.0578125 0.08125
0 0.51484375 0.4875 0.0578125 0.075
1 0.665625 0.53828125 0.1 0.17734375
0 0.04765625 0.59375 0.0921875 0.0875
3 0.8484375 0.621875 0.246875 0.24375
0 0.58984375 0.68828125 0.0984375 0.13984375
0 0.275 0.7125 0.096875 0.12890625
0 0.8640625 0.90703125 0.190625 0.18515625