0 0.33125 0.36953125 0.0375 0.04375
2 0.640625 0.40390625 0.084375 0.12109375
0 0.49375 0.41171875 0.0375 0.03984375
0 0.6984375 0.41640625 0.034375 0.05390625
0 0.56796875 0.41953125 0.0390625 0.05234375
0 0.5828125 0.45234375 0.0375 0.05859375
0 0.50390625 0.45859375 0.0390625 0.0625
1 0.6359375 0.48671875 0.071875 0.12265625
0 0.5453125 0.50703125 0.059375 0.09765625
0 0.67109375 0.59140625 0.0890625 0.1125
0 0.96328125 0.67109375 0.0734375 0.1375
0 0.9375 0.7375 0.125 0.125
1 0.8 0.74921875 0.128125 0.21015625