2 0.6015625 0.36796875 0.0625 0.08984375
1 0.565625 0.40234375 0.04375 0.0875
0 0.51875 0.43515625 0.046875 0.07109375
0 0.58203125 0.45390625 0.0453125 0.0625
0 0.69609375 0.459375 0.0640625 0.06875
0 0.8203125 0.51484375 0.065625 0.08359375
0 0.22578125 0.53125 0.0671875 0.08359375
0 0.53046875 0.54453125 0.0671875 0.10234375
0 0.75078125 0.54609375 0.0703125 0.08359375
1 0.675 0.55703125 0.084375 0.15625
1 0.87578125 0.61875 0.1515625 0.23359375
0 0.59765625 0.70625 0.1109375 0.1625
0 0.853125 0.84296875 0.16875 0.21875