0 0.39140625 0.33828125 0.0359375 0.03515625
0 0.3640625 0.3625 0.03125 0.04609375
3 0.6234375 0.36953125 0.071875 0.11484375
1 0.25859375 0.37890625 0.0546875 0.075
1 0.55234375 0.38828125 0.0609375 0.07734375
3 0.30625 0.40234375 0.078125 0.10859375
0 0.49375 0.415625 0.053125 0.03515625
1 0.6703125 0.415625 0.0875 0.07265625
0 0.5703125 0.42421875 0.04375 0.05234375
0 0.36328125 0.44140625 0.0609375 0.075
0 0.59296875 0.446875 0.0484375 0.05625
0 0.50859375 0.47265625 0.0734375 0.0625
1 0.78046875 0.49140625 0.1078125 0.13359375
0 0.29453125 0.50625 0.0640625 0.0875
1 0.61875 0.50625 0.06875 0.12890625
0 0.52421875 0.51640625 0.0640625 0.05390625
1 0.66171875 0.55390625 0.1171875 0.2
0 0.56953125 0.57265625 0.0828125 0.10390625
1 0.53515625 0.61484375 0.0859375 0.14140625
3 0.92578125 0.62421875 0.1484375 0.20625
1 0.7359375 0.63046875 0.05 0.12734375
3 0.8546875 0.69921875 0.221875 0.31015625
0 0.58359375 0.72109375 0.1421875 0.12890625
2 0.14296875 0.73125 0.1578125 0.22109375
0 0.6203125 0.84453125 0.153125 0.17265625
3 0.92578125 0.84765625 0.1484375 0.30390625
0 0.64296875 0.95 0.1578125 0.1