0 0.31171875 0.32578125 0.0265625 0.03515625
0 0.39296875 0.33046875 0.0265625 0.02734375
1 0.34921875 0.334375 0.0296875 0.04765625
3 0.621875 0.36640625 0.071875 0.11640625
3 0.559375 0.37421875 0.06875 0.11875
2 0.50234375 0.40234375 0.0671875 0.12109375
0 0.68359375 0.40234375 0.0453125 0.05
0 0.36640625 0.41328125 0.0421875 0.04765625
1 0.2953125 0.41484375 0.05 0.0625
3 0.16875 0.45546875 0.10625 0.13515625
0 0.68515625 0.46875 0.0578125 0.0875
0 0.778125 0.471875 0.05625 0.03125
1 0.25078125 0.48359375 0.0609375 0.10390625
0 0.34765625 0.51796875 0.0609375 0.06484375
1 0.79296875 0.528125 0.0921875 0.09765625
1 0.1359375 0.578125 0.125 0.16015625
0 0.57578125 0.7125 0.0984375 0.13359375
3 0.8734375 0.79453125 0.253125 0.41015625