0 0.38984375 0.334375 0.0328125 0.04375
1 0.29375 0.34453125 0.046875 0.06484375
0 0.33046875 0.371875 0.0390625 0.06015625
3 0.5546875 0.37421875 0.0625 0.12265625
0 0.37421875 0.38984375 0.0453125 0.07109375
0 0.48828125 0.40703125 0.0453125 0.04765625
0 0.66953125 0.41328125 0.0546875 0.07265625
3 0.5875 0.43359375 0.0875 0.14140625
0 0.3296875 0.44609375 0.0625 0.075
0 0.50625 0.4625 0.059375 0.05859375
3 0.784375 0.509375 0.128125 0.18515625
0 0.5203125 0.52890625 0.06875 0.1
0 0.1859375 0.546875 0.084375 0.09375
3 0.6875 0.55625 0.16875 0.2875
0 0.5484375 0.61796875 0.0875 0.10625
0 0.57578125 0.73359375 0.1109375 0.17109375
1 0.93125 0.74296875 0.1375 0.23515625
0 0.63359375 0.88203125 0.1546875 0.23515625