2 0.4671875 0.33046875 0.04375 0.06484375
2 0.52578125 0.33671875 0.0515625 0.08125
0 0.46953125 0.359375 0.0265625 0.03125
1 0.6203125 0.38359375 0.0625 0.1
2 0.56484375 0.38984375 0.0671875 0.10859375
0 0.48046875 0.39453125 0.0328125 0.04375
0 0.553125 0.41328125 0.040625 0.04375
0 0.64609375 0.42421875 0.0453125 0.06015625
0 0.49453125 0.43046875 0.0421875 0.07734375
0 0.509375 0.45859375 0.046875 0.0375
3 0.74296875 0.471875 0.1390625 0.19765625
0 0.26484375 0.47265625 0.0546875 0.0625
0 0.6078125 0.49375 0.06875 0.08359375
0 0.51796875 0.51640625 0.0578125 0.08359375
0 0.859375 0.546875 0.078125 0.09375
0 0.67421875 0.59765625 0.0890625 0.12109375
0 0.290625 0.60859375 0.096875 0.10859375
0 0.54609375 0.61171875 0.0828125 0.12265625
1 0.08515625 0.64921875 0.1453125 0.16484375
2 0.90703125 0.83515625 0.1859375 0.32890625