1 0.54609375 0.378125 0.0453125 0.07734375
0 0.48671875 0.396875 0.0328125 0.04375
3 0.6328125 0.41015625 0.090625 0.08359375
0 0.51171875 0.41328125 0.0390625 0.03984375
0 0.74140625 0.45625 0.0578125 0.06640625
2 0.50546875 0.46015625 0.0546875 0.10390625
1 0.24921875 0.4625 0.0765625 0.125
0 0.1375 0.50625 0.065625 0.075
0 0.8125 0.5125 0.075 0.0875
1 0.64609375 0.52734375 0.1015625 0.15859375
0 0.54296875 0.55625 0.0765625 0.11640625
1 0.77421875 0.55625 0.1078125 0.15
1 0.9359375 0.69921875 0.128125 0.18515625
0 0.76015625 0.7125 0.1140625 0.15390625
0 0.60859375 0.77578125 0.1203125 0.19765625