1 0.325 0.32109375 0.034375 0.05
0 0.396875 0.32265625 0.0375 0.04140625
0 0.36640625 0.35078125 0.0328125 0.03515625
3 0.64453125 0.375 0.0796875 0.11640625
3 0.5734375 0.39375 0.1 0.12109375
0 0.29140625 0.40859375 0.0546875 0.06640625
0 0.49140625 0.425 0.0484375 0.05
0 0.74453125 0.45625 0.0640625 0.06640625
3 0.62890625 0.47890625 0.1140625 0.15390625
0 0.51171875 0.48828125 0.0703125 0.07734375
1 0.215625 0.521875 0.109375 0.13125
0 0.528125 0.55859375 0.0875 0.1125
3 0.91953125 0.64921875 0.1609375 0.24375
0 0.56796875 0.66796875 0.1171875 0.13984375
3 0.76328125 0.66953125 0.2421875 0.45234375
0 0.59296875 0.803125 0.1421875 0.21484375
0 0.6703125 0.9078125 0.159375 0.184375