1 0.25703125 0.37109375 0.0421875 0.05859375
0 0.48828125 0.396875 0.0359375 0.05234375
1 0.27578125 0.41875 0.0578125 0.09609375
0 0.36484375 0.42421875 0.0421875 0.04765625
0 0.6328125 0.425 0.04375 0.05859375
0 0.578125 0.43046875 0.040625 0.06484375
0 0.1984375 0.43515625 0.046875 0.07109375
0 0.7171875 0.43828125 0.053125 0.06015625
1 0.24765625 0.46015625 0.0671875 0.125
0 0.69609375 0.47734375 0.0671875 0.07890625
0 0.34296875 0.49453125 0.0546875 0.06015625
0 0.528125 0.54765625 0.06875 0.1
0 0.13515625 0.565625 0.0859375 0.09765625
0 0.315625 0.575 0.075 0.09140625
0 0.70234375 0.65390625 0.0921875 0.12109375
1 0.89140625 0.67890625 0.2171875 0.24140625
0 0.26640625 0.70703125 0.1109375 0.13984375
0 0.6 0.73359375 0.1125 0.15390625
0 0.9140625 0.9125 0.171875 0.175
0 0.09921875 0.925 0.1765625 0.15