1 0.30625 0.32734375 0.028125 0.05
1 0.3578125 0.33046875 0.028125 0.04375
1 0.51171875 0.3375 0.0421875 0.05390625
0 0.48125 0.38984375 0.034375 0.04140625
3 0.56484375 0.390625 0.0828125 0.14765625
0 0.62890625 0.40859375 0.0390625 0.05390625
2 0.6859375 0.42109375 0.084375 0.12890625
0 0.35859375 0.421875 0.0453125 0.05625
0 0.49609375 0.440625 0.0359375 0.05234375
0 0.52265625 0.50546875 0.0640625 0.07265625
1 0.803125 0.53984375 0.15625 0.175
0 0.56484375 0.63359375 0.0828125 0.1125
0 0.71171875 0.64140625 0.0984375 0.10859375