0 0.371875 0.33671875 0.03125 0.03515625
0 0.3078125 0.38515625 0.04375 0.07109375
3 0.575 0.4 0.0875 0.125
3 0.65546875 0.4 0.0953125 0.125
0 0.4875 0.42734375 0.04375 0.07109375
0 0.5140625 0.43828125 0.05 0.03984375
0 0.7546875 0.47578125 0.075 0.08515625
1 0.25390625 0.48125 0.0703125 0.11640625
0 0.51328125 0.49140625 0.0734375 0.075
3 0.64921875 0.49765625 0.1390625 0.1625
0 0.53515625 0.5625 0.0765625 0.11640625
3 0.02109375 0.65625 0.0421875 0.275
0 0.56484375 0.66640625 0.1015625 0.125
3 0.80625 0.68125 0.315625 0.4625
3 0.9546875 0.71484375 0.090625 0.30390625
0 0.596875 0.80703125 0.1375 0.21015625
0 0.22109375 0.878125 0.1640625 0.20625
0 0.66328125 0.9171875 0.1515625 0.165625