2 0.4671875 0.32734375 0.040625 0.0625
3 0.29921875 0.3375 0.0484375 0.06640625
3 0.52265625 0.33828125 0.0484375 0.06875
0 0.471875 0.3625 0.028125 0.04140625
0 0.48359375 0.37421875 0.0359375 0.03125
2 0.55546875 0.38046875 0.0640625 0.10625
1 0.61328125 0.38125 0.0515625 0.07890625
0 0.48203125 0.38203125 0.0328125 0.03984375
0 0.6421875 0.425 0.046875 0.05390625
0 0.49140625 0.42578125 0.0421875 0.05625
0 0.50703125 0.46171875 0.0515625 0.05234375
3 0.73359375 0.471875 0.1390625 0.20234375
0 0.6 0.484375 0.0625 0.08125
0 0.2390625 0.50625 0.0625 0.08359375
0 0.5171875 0.50703125 0.059375 0.08125
0 0.8234375 0.51171875 0.05 0.08125
0 0.6609375 0.58203125 0.084375 0.11875
0 0.54375 0.60234375 0.08125 0.12109375
0 0.24609375 0.728125 0.1265625 0.16015625
1 0.0359375 0.74609375 0.071875 0.2125
2 0.88671875 0.8015625 0.2265625 0.396875
0 0.68203125 0.9484375 0.1609375 0.103125