3 0.35625 0.32265625 0.04375 0.07109375
1 0.31640625 0.325 0.0296875 0.04609375
2 0.38125 0.34140625 0.028125 0.04609375
3 0.6453125 0.38203125 0.078125 0.12265625
0 0.36875 0.38671875 0.0375 0.04765625
1 0.553125 0.3875 0.046875 0.0875
0 0.57109375 0.42421875 0.0328125 0.05234375
0 0.5953125 0.44765625 0.04375 0.06640625
1 0.70234375 0.45625 0.0859375 0.12890625
0 0.50234375 0.4625 0.0390625 0.0625
3 0.1390625 0.46328125 0.134375 0.17265625
0 0.5171875 0.49453125 0.059375 0.08125
1 0.62265625 0.509375 0.0671875 0.13515625
0 0.53046875 0.534375 0.0640625 0.08515625
0 0.3109375 0.53984375 0.075 0.09140625
1 0.66796875 0.54921875 0.1078125 0.20234375
1 0.83984375 0.55390625 0.1296875 0.17109375
0 0.55859375 0.57734375 0.0703125 0.10390625
1 0.5359375 0.62265625 0.08125 0.15859375
1 0.76484375 0.65078125 0.0984375 0.16015625
3 0.86328125 0.734375 0.2296875 0.38984375
0 0.5734375 0.74140625 0.1 0.175
0 0.61328125 0.86171875 0.1359375 0.20625
0 0.64296875 0.95078125 0.1515625 0.09765625