0 0.38828125 0.34140625 0.0296875 0.03359375
0 0.29609375 0.35 0.0265625 0.03359375
1 0.54140625 0.36953125 0.0453125 0.07265625
0 0.4828125 0.38359375 0.034375 0.0375
1 0.6578125 0.40078125 0.075 0.11875
0 0.36171875 0.40546875 0.0421875 0.04765625
0 0.5046875 0.42265625 0.040625 0.05
2 0.60390625 0.43359375 0.0890625 0.14609375
0 0.74921875 0.44921875 0.0546875 0.04765625
0 0.53671875 0.5375 0.0703125 0.08359375
1 0.81796875 0.54375 0.1734375 0.1875
1 0.68671875 0.58359375 0.0859375 0.15859375
0 0.57421875 0.69140625 0.0890625 0.12109375
1 0.83828125 0.7625 0.2203125 0.3875
0 0.215625 0.84453125 0.140625 0.19765625