0 0.634375 0.41015625 0.046875 0.0625
0 0.50859375 0.41328125 0.0453125 0.06015625
0 0.56328125 0.41796875 0.0390625 0.05625
0 0.35546875 0.421875 0.0421875 0.04765625
0 0.71484375 0.43203125 0.0546875 0.05625
1 0.609375 0.465625 0.06875 0.12265625
0 0.50859375 0.471875 0.0515625 0.06875
0 0.69140625 0.48515625 0.0515625 0.07109375
1 0.77421875 0.52578125 0.1078125 0.17734375
0 0.54453125 0.55 0.0765625 0.10390625
0 0.7109375 0.63515625 0.10625 0.1375
3 0.9265625 0.68046875 0.146875 0.37734375
1 0.871875 0.82265625 0.225 0.35390625