3 0.53671875 0.35703125 0.0546875 0.08125
1 0.24609375 0.37890625 0.0515625 0.06640625
0 0.60625 0.38125 0.046875 0.05390625
0 0.4828125 0.38984375 0.034375 0.04140625
0 0.559375 0.41328125 0.040625 0.04765625
0 0.63828125 0.42734375 0.0484375 0.05859375
0 0.5046875 0.44140625 0.05 0.05859375
1 0.70546875 0.46484375 0.0734375 0.11640625
0 0.62109375 0.50078125 0.0671875 0.08515625
0 0.3203125 0.50703125 0.059375 0.07734375
0 0.5203125 0.50859375 0.059375 0.07109375
3 0.86640625 0.57578125 0.2484375 0.34765625
0 0.58515625 0.65078125 0.1078125 0.15234375
3 0.80390625 0.75546875 0.2578125 0.37265625