1 0.3765625 0.38359375 0.034375 0.04140625
1 0.3140625 0.38515625 0.0375 0.04609375
1 0.26015625 0.39453125 0.0390625 0.04765625
0 0.49921875 0.42890625 0.0390625 0.05
0 0.64921875 0.43515625 0.0484375 0.05390625
0 0.5921875 0.45390625 0.046875 0.05859375
1 0.728125 0.48359375 0.084375 0.1375
0 0.51796875 0.49375 0.0578125 0.09140625
0 0.6296875 0.50390625 0.0625 0.09140625
1 0.690625 0.58125 0.109375 0.175
1 0.82890625 0.61328125 0.1140625 0.12734375
0 0.28046875 0.66171875 0.0953125 0.13515625
0 0.59296875 0.69921875 0.1046875 0.16484375