0 0.40234375 0.30625 0.0234375 0.02890625
1 0.32109375 0.32890625 0.0359375 0.05390625
0 0.39140625 0.33203125 0.0265625 0.03125
0 0.353125 0.3375 0.028125 0.04140625
0 0.3609375 0.36875 0.034375 0.04609375
3 0.6375 0.37421875 0.078125 0.10234375
3 0.5640625 0.38359375 0.071875 0.1125
0 0.27578125 0.43046875 0.0515625 0.07734375
0 0.721875 0.440625 0.075 0.06015625
3 0.621875 0.465625 0.11875 0.16015625
0 0.5109375 0.484375 0.075 0.08125
0 0.525 0.54453125 0.071875 0.10234375
1 0.1578125 0.60546875 0.128125 0.16015625
3 0.74296875 0.61328125 0.2328125 0.33125
3 0.9 0.61875 0.15 0.22109375
0 0.56875 0.65703125 0.109375 0.14765625
0 0.59453125 0.8 0.1203125 0.18359375
0 0.6609375 0.90625 0.19375 0.1875