1 0.27421875 0.35859375 0.0546875 0.06640625
0 0.3875 0.35859375 0.034375 0.05390625
0 0.33828125 0.37421875 0.0421875 0.05625
3 0.6890625 0.43984375 0.121875 0.1625
0 0.60078125 0.45234375 0.0578125 0.075
1 0.22578125 0.48359375 0.1171875 0.15390625
0 0.3453125 0.48671875 0.06875 0.08515625
0 0.515625 0.49921875 0.0625 0.08125
0 0.72265625 0.51015625 0.0734375 0.09609375
0 0.615625 0.5125 0.065625 0.1
0 0.5375 0.54765625 0.075 0.10859375
1 0.66484375 0.57109375 0.1015625 0.18359375
0 0.78125 0.57109375 0.1 0.0875
0 0.31328125 0.58359375 0.0953125 0.10859375
0 0.59453125 0.6375 0.1015625 0.13359375
3 0.90625 0.64140625 0.1875 0.42109375
1 0.5484375 0.69140625 0.109375 0.21640625
1 0.7984375 0.71015625 0.2 0.325