0 0.371875 0.37578125 0.03125 0.04375
1 0.55 0.38125 0.046875 0.08359375
0 0.48515625 0.39140625 0.0359375 0.05
3 0.6640625 0.41171875 0.084375 0.12734375
0 0.71484375 0.425 0.0328125 0.05859375
0 0.509375 0.44296875 0.04375 0.06484375
2 0.61484375 0.44609375 0.0953125 0.15
0 0.77421875 0.478125 0.0671875 0.06484375
3 0.8453125 0.559375 0.19375 0.18984375
0 0.54609375 0.56328125 0.0734375 0.09375
1 0.7078125 0.6125 0.103125 0.18359375
0 0.2875 0.62890625 0.0875 0.1375
0 0.5921875 0.753125 0.10625 0.15625