1 0.3015625 0.33671875 0.040625 0.05234375
3 0.590625 0.3375 0.059375 0.08359375
3 0.5359375 0.34609375 0.05625 0.1
2 0.484375 0.36796875 0.05625 0.10234375
0 0.3734375 0.40390625 0.04375 0.05390625
1 0.28203125 0.42578125 0.0609375 0.08515625
1 0.20859375 0.43671875 0.0671875 0.08515625
0 0.4984375 0.43828125 0.05625 0.07734375
3 0.62734375 0.475 0.1234375 0.20390625
3 0.7625 0.490625 0.140625 0.18984375
0 0.33515625 0.50546875 0.0640625 0.08515625
0 0.6171875 0.7875 0.125 0.19609375
0 0.8859375 0.878125 0.159375 0.24375