2 0.621875 0.39453125 0.075 0.11015625
0 0.3140625 0.39453125 0.0375 0.04375
0 0.5546875 0.4 0.040625 0.04609375
0 0.4890625 0.403125 0.0375 0.03984375
0 0.5703125 0.43046875 0.03125 0.05234375
0 0.5015625 0.43828125 0.04375 0.06484375
1 0.61015625 0.45625 0.0609375 0.10859375
0 0.53359375 0.48046875 0.0578125 0.07734375
0 0.634375 0.53515625 0.075 0.09140625
0 0.86953125 0.578125 0.1078125 0.11484375
1 0.73046875 0.64453125 0.1015625 0.15234375
0 0.875 0.671875 0.090625 0.11875
0 0.59609375 0.76015625 0.1140625 0.18359375
1 0.82890625 0.77734375 0.1859375 0.30390625