1 0.35234375 0.32421875 0.0390625 0.07265625
3 0.590625 0.3375 0.059375 0.08359375
1 0.3078125 0.33828125 0.040625 0.05234375
3 0.5359375 0.34609375 0.05625 0.1
2 0.484375 0.36796875 0.05625 0.10234375
0 0.3765625 0.3875 0.04375 0.05390625
1 0.29375 0.40625 0.053125 0.07890625
1 0.221875 0.41328125 0.05625 0.08515625
0 0.4984375 0.43828125 0.05625 0.07734375
0 0.346875 0.4625 0.059375 0.06640625
0 0.63671875 0.48671875 0.1265625 0.21875
0 0.77578125 0.51171875 0.1546875 0.21015625
0 0.64609375 0.86328125 0.1515625 0.23515625
0 0.928125 0.90625 0.14375 0.1875