0 0.3 0.34296875 0.021875 0.03515625
0 0.33984375 0.34453125 0.0234375 0.03984375
0 0.38984375 0.34765625 0.0296875 0.03359375
0 0.60859375 0.4 0.0359375 0.05859375
0 0.503125 0.41875 0.0375 0.05859375
0 0.35234375 0.44765625 0.0578125 0.07890625
0 0.51328125 0.475 0.0484375 0.06640625
0 0.6953125 0.47890625 0.059375 0.07109375
0 0.6234375 0.50546875 0.05625 0.08515625
1 0.8203125 0.5625 0.121875 0.19140625
0 0.54453125 0.57578125 0.0703125 0.11484375
0 0.6734375 0.57734375 0.084375 0.1125
1 0.78203125 0.70546875 0.1609375 0.26015625
0 0.16796875 0.925 0.1859375 0.15