2 0.54375 0.36953125 0.05625 0.08984375
0 0.4796875 0.38359375 0.03125 0.0375
2 0.23125 0.38671875 0.084375 0.11484375
3 0.66015625 0.396875 0.0953125 0.11875
0 0.36953125 0.40546875 0.0453125 0.05625
0 0.49296875 0.40703125 0.0390625 0.03125
0 0.50078125 0.45234375 0.0515625 0.05390625
2 0.61796875 0.46484375 0.1109375 0.175
0 0.52265625 0.503125 0.0609375 0.06015625
0 0.53671875 0.571875 0.0671875 0.08125
0 0.85 0.590625 0.071875 0.11484375
3 0.76796875 0.62890625 0.2109375 0.35859375
0 0.56953125 0.68203125 0.1015625 0.14375