1 0.33515625 0.353125 0.0359375 0.05625
3 0.57109375 0.390625 0.0671875 0.11015625
0 0.48671875 0.39375 0.0296875 0.04140625
0 0.640625 0.4125 0.053125 0.06640625
0 0.4875 0.415625 0.028125 0.04765625
0 0.51015625 0.434375 0.0296875 0.04375
0 0.50234375 0.44765625 0.0546875 0.03359375
0 0.740625 0.453125 0.04375 0.08515625
0 0.696875 0.46796875 0.0625 0.11484375
0 0.50703125 0.50234375 0.0453125 0.1
0 0.53515625 0.55234375 0.0609375 0.09140625
0 0.29609375 0.578125 0.0765625 0.13984375
0 0.6953125 0.59765625 0.075 0.1375
0 0.54453125 0.634375 0.0734375 0.12734375
0 0.584375 0.70390625 0.1 0.15859375
0 0.64296875 0.86015625 0.1453125 0.24609375