0 0.4046875 0.30859375 0.025 0.02890625
0 0.46328125 0.315625 0.0234375 0.03125
3 0.54921875 0.32421875 0.0453125 0.06015625
0 0.503125 0.33828125 0.025 0.03125
0 0.38515625 0.340625 0.0265625 0.03984375
0 0.4765625 0.34765625 0.025 0.0375
0 0.56171875 0.39453125 0.0390625 0.05234375
2 0.31796875 0.48046875 0.1140625 0.19375
0 0.53359375 0.5 0.0671875 0.10859375
3 0.159375 0.50546875 0.18125 0.27734375
0 0.6265625 0.79296875 0.1375 0.18515625
0 0.7890625 0.803125 0.1375 0.18984375
0 0.17265625 0.884375 0.1453125 0.23125