0 0.37734375 0.38046875 0.0359375 0.04375
3 0.63515625 0.38359375 0.0578125 0.0875
0 0.26328125 0.38828125 0.0390625 0.04375
0 0.4953125 0.39921875 0.034375 0.04375
2 0.578125 0.40234375 0.071875 0.11640625
0 0.5140625 0.46875 0.05 0.05390625
3 0.7328125 0.478125 0.125 0.15625
1 0.621875 0.50078125 0.065625 0.11484375
0 0.32265625 0.51953125 0.0609375 0.08125
0 0.53359375 0.55078125 0.0609375 0.08125
1 0.71171875 0.58984375 0.1328125 0.2375
0 0.903125 0.59765625 0.090625 0.10859375
0 0.603125 0.74765625 0.115625 0.17890625
1 0.89140625 0.828125 0.2171875 0.34375