3 0.65390625 0.41640625 0.0640625 0.10859375
0 0.5546875 0.428125 0.0375 0.07734375
0 0.490625 0.42890625 0.046875 0.0625
1 0.5875 0.45390625 0.05625 0.1125
3 0.80390625 0.484375 0.1765625 0.19375
0 0.49765625 0.49921875 0.0546875 0.09765625
1 0.6375 0.50546875 0.084375 0.13984375
0 0.525 0.55390625 0.075 0.12890625
2 0.95859375 0.60390625 0.0828125 0.15
2 0.1203125 0.6125 0.23125 0.35390625
0 0.54375 0.64296875 0.08125 0.18515625
3 0.828125 0.65625 0.209375 0.28359375
0 0.65390625 0.66953125 0.1140625 0.16875
0 0.59765625 0.88359375 0.1359375 0.225
0 0.1875 0.91328125 0.153125 0.17265625