2 0.54609375 0.36484375 0.0578125 0.08359375
0 0.4921875 0.40078125 0.04375 0.04765625
3 0.6609375 0.40546875 0.08125 0.11484375
1 0.56640625 0.42734375 0.0421875 0.09140625
0 0.50234375 0.44375 0.0453125 0.05390625
1 0.61171875 0.45546875 0.0796875 0.13984375
0 0.74765625 0.46640625 0.0671875 0.075
0 0.52109375 0.49765625 0.0578125 0.075
0 0.09921875 0.54765625 0.0796875 0.07890625
1 0.67890625 0.55625 0.1078125 0.2
0 0.30625 0.61328125 0.078125 0.10625
3 0.87578125 0.659375 0.2484375 0.22265625
0 0.609375 0.74609375 0.1125 0.16640625