0 0.3765625 0.29140625 0.021875 0.02890625
0 0.4015625 0.29921875 0.025 0.02734375
0 0.47265625 0.31796875 0.0265625 0.03984375
0 0.5125 0.32890625 0.025 0.0375
0 0.340625 0.35078125 0.03125 0.03984375
0 0.5296875 0.35390625 0.03125 0.04140625
0 0.38125 0.3625 0.0375 0.04140625
0 0.48515625 0.36640625 0.0328125 0.04140625
0 0.31640625 0.38984375 0.0359375 0.05
0 0.5046875 0.43359375 0.046875 0.06640625
0 0.61953125 0.48984375 0.0640625 0.08359375
0 0.3203125 0.496875 0.0625 0.07734375
0 0.56328125 0.575 0.0734375 0.10859375
1 0.8875 0.79921875 0.225 0.38515625