0 0.53125 0.353125 0.025 0.03984375
1 0.30625 0.39609375 0.0625 0.08359375
0 0.3734375 0.40390625 0.04375 0.075
1 0.58671875 0.42109375 0.0609375 0.125
0 0.26484375 0.45234375 0.0578125 0.09609375
0 0.51015625 0.45390625 0.0578125 0.08359375
3 0.79609375 0.50078125 0.1203125 0.21015625
3 0.684375 0.52421875 0.14375 0.24765625
1 0.21328125 0.52890625 0.0890625 0.13359375
0 0.53984375 0.559375 0.0703125 0.09765625
3 0.08359375 0.5625 0.1671875 0.29140625
0 0.3125 0.58359375 0.08125 0.10859375
0 0.965625 0.65078125 0.06875 0.15625
2 0.65546875 0.7625 0.2765625 0.47109375
0 0.20078125 0.94140625 0.1453125 0.11640625