3 0.60234375 0.34453125 0.0828125 0.11484375
0 0.35 0.43046875 0.059375 0.07265625
1 0.559375 0.43828125 0.0625 0.07734375
0 0.5875 0.45 0.05625 0.05859375
0 0.51015625 0.465625 0.0515625 0.06015625
1 0.7328125 0.48203125 0.0875 0.12734375
1 0.615625 0.496875 0.078125 0.13125
0 0.53515625 0.52421875 0.0453125 0.06484375
3 0.8296875 0.53203125 0.153125 0.14765625
1 0.6671875 0.53671875 0.1125 0.18125
1 0.06640625 0.55625 0.1328125 0.1625
1 0.5375 0.61171875 0.10625 0.13984375
0 0.5765625 0.70703125 0.11875 0.13515625
3 0.8578125 0.71484375 0.215625 0.30859375
0 0.23125 0.821875 0.15 0.15234375
0 0.61015625 0.82890625 0.1578125 0.15390625
3 0.92421875 0.84453125 0.1515625 0.31015625
0 0.64765625 0.94453125 0.1484375 0.11015625