0 0.39609375 0.31875 0.0203125 0.03359375
1 0.55546875 0.32265625 0.0265625 0.05
1 0.3484375 0.328125 0.03125 0.05625
3 0.51953125 0.33203125 0.0546875 0.06484375
0 0.4703125 0.334375 0.03125 0.03984375
0 0.3953125 0.346875 0.025 0.02734375
1 0.34140625 0.35703125 0.0421875 0.05234375
0 0.38515625 0.36953125 0.0328125 0.03984375
1 0.6046875 0.375 0.065625 0.09140625
0 0.35546875 0.434375 0.0421875 0.06015625
0 0.565625 0.440625 0.04375 0.06875
0 0.52109375 0.478125 0.0453125 0.09375
0 0.3171875 0.56328125 0.078125 0.11015625
0 0.56796875 0.64921875 0.1046875 0.11875
0 0.67109375 0.93359375 0.1671875 0.125