3 0.5609375 0.38671875 0.04375 0.06484375
0 0.490625 0.39453125 0.03125 0.03984375
3 0.35078125 0.42421875 0.0640625 0.09765625
1 0.54921875 0.43671875 0.0421875 0.06015625
0 0.396875 0.45078125 0.034375 0.04375
0 0.5109375 0.47109375 0.053125 0.0625
3 0.28359375 0.49765625 0.1328125 0.1625
1 0.59765625 0.50546875 0.0671875 0.11484375
3 0.6953125 0.50625 0.109375 0.14609375
0 0.378125 0.52265625 0.071875 0.08359375
1 0.15859375 0.56015625 0.1234375 0.12109375
0 0.353125 0.57890625 0.065625 0.1
0 0.5734375 0.61328125 0.0875 0.13984375
1 0.71796875 0.61875 0.1515625 0.2625
1 0.16640625 0.65078125 0.1671875 0.21875
0 0.30390625 0.77890625 0.1046875 0.13359375
0 0.265625 0.9546875 0.19375 0.090625