3 0.53359375 0.35078125 0.0515625 0.08984375
1 0.60390625 0.38046875 0.0453125 0.05625
0 0.48125 0.38359375 0.03125 0.04609375
1 0.2359375 0.38671875 0.059375 0.07734375
0 0.55546875 0.4125 0.0453125 0.05390625
0 0.63515625 0.421875 0.0484375 0.05625
0 0.50078125 0.43515625 0.0453125 0.05859375
1 0.6921875 0.45234375 0.075 0.10859375
0 0.6125 0.48515625 0.0625 0.08359375
0 0.5125 0.4875 0.05625 0.075
0 0.30234375 0.559375 0.0796875 0.10234375
3 0.84921875 0.56015625 0.2546875 0.35859375
0 0.571875 0.62734375 0.103125 0.14609375
3 0.76953125 0.7 0.2328125 0.32890625