2 0.34921875 0.325 0.0421875 0.08359375
1 0.3875 0.35546875 0.03125 0.03515625
0 0.36328125 0.396875 0.0390625 0.04375
0 0.5765625 0.4125 0.040625 0.04609375
1 0.24921875 0.46953125 0.0890625 0.13515625
0 0.59609375 0.471875 0.0484375 0.07265625
3 0.7296875 0.471875 0.090625 0.14375
1 0.509375 0.47578125 0.065625 0.06875
1 0.34765625 0.48828125 0.0609375 0.09765625
3 0.1 0.503125 0.134375 0.17265625
3 0.63359375 0.51875 0.0828125 0.15859375
0 0.515625 0.54453125 0.065625 0.09375
3 0.68046875 0.55078125 0.1046875 0.19375
3 0.9 0.58671875 0.2 0.25234375
0 0.54921875 0.6 0.0765625 0.11640625
0 0.1796875 0.61015625 0.115625 0.125
3 0.74296875 0.62421875 0.0734375 0.12265625
0 0.55703125 0.69609375 0.0828125 0.15
3 0.84296875 0.70625 0.1921875 0.3375
0 0.278125 0.74609375 0.125 0.14140625
3 0.91328125 0.83125 0.1734375 0.3375
0 0.71953125 0.8625 0.1515625 0.27109375
0 0.590625 0.92265625 0.1125 0.15390625