0 0.37890625 0.303125 0.0171875 0.01875
0 0.49453125 0.31875 0.0234375 0.03359375
0 0.3984375 0.32265625 0.025 0.025
2 0.2875 0.33125 0.053125 0.06640625
0 0.465625 0.33671875 0.028125 0.03984375
0 0.39296875 0.3375 0.0265625 0.03359375
0 0.5078125 0.34296875 0.01875 0.05234375
3 0.53828125 0.35 0.0546875 0.1
0 0.47734375 0.36328125 0.0328125 0.04375
0 0.38046875 0.38359375 0.0390625 0.04140625
1 0.303125 0.384375 0.075 0.09765625
3 0.575 0.39921875 0.075 0.13515625
0 0.2453125 0.40078125 0.04375 0.05625
0 0.49296875 0.43359375 0.0453125 0.07890625
1 0.6765625 0.44453125 0.078125 0.12734375
0 0.35625 0.459375 0.05625 0.06484375
0 0.16640625 0.46953125 0.0515625 0.04765625
0 0.33515625 0.55078125 0.0765625 0.09375
0 0.03046875 0.60625 0.0609375 0.1125
3 0.13671875 0.61484375 0.1765625 0.25859375
1 0.90234375 0.6625 0.1953125 0.23359375
0 0.5828125 0.71796875 0.1125 0.15625
0 0.25625 0.7875 0.125 0.15859375