1 0.34921875 0.32421875 0.0421875 0.07265625
0 0.39140625 0.353125 0.0265625 0.04375
0 0.2671875 0.37734375 0.034375 0.04609375
0 0.57109375 0.41796875 0.0296875 0.03984375
0 0.25390625 0.425 0.0640625 0.05859375
0 0.596875 0.44609375 0.040625 0.0625
0 0.50625 0.46875 0.040625 0.0625
3 0.771875 0.47265625 0.159375 0.2
0 0.51953125 0.48125 0.0484375 0.04609375
3 0.63046875 0.49765625 0.0734375 0.11640625
0 0.53125 0.52109375 0.05625 0.0625
1 0.67734375 0.56953125 0.0953125 0.21875
0 0.55859375 0.575 0.0609375 0.10859375
1 0.53046875 0.61484375 0.0671875 0.125
1 0.74453125 0.640625 0.0609375 0.11875
1 0.0921875 0.7125 0.184375 0.28359375
0 0.5828125 0.71328125 0.1125 0.11015625
3 0.86171875 0.71796875 0.2296875 0.33984375
3 0.95234375 0.86953125 0.0953125 0.26015625
0 0.621875 0.884375 0.15625 0.23125