3 0.51875 0.33671875 0.053125 0.08984375
0 0.4734375 0.365625 0.028125 0.03984375
3 0.6171875 0.384375 0.05625 0.08515625
2 0.5578125 0.38515625 0.071875 0.10859375
0 0.48515625 0.38984375 0.0328125 0.04140625
0 0.65078125 0.43359375 0.0453125 0.05390625
0 0.49453125 0.43515625 0.0421875 0.0625
0 0.28046875 0.4375 0.0484375 0.05390625
0 0.51015625 0.47265625 0.0484375 0.07109375
3 0.74921875 0.475 0.1484375 0.2125
0 0.61640625 0.503125 0.0640625 0.09375
0 0.31953125 0.53203125 0.0734375 0.08515625
0 0.52421875 0.53984375 0.0640625 0.10859375
0 0.90625 0.57578125 0.096875 0.11015625
1 0.14453125 0.57890625 0.1171875 0.13359375
0 0.69296875 0.63515625 0.0953125 0.13359375
0 0.55703125 0.640625 0.0921875 0.13984375