1 0.609375 0.37421875 0.046875 0.08125
3 0.30078125 0.38046875 0.0703125 0.11015625
0 0.37578125 0.38046875 0.0359375 0.03515625
0 0.49140625 0.390625 0.0390625 0.04765625
1 0.640625 0.40625 0.053125 0.0875
0 0.56328125 0.40703125 0.0390625 0.05625
0 0.36015625 0.42421875 0.0453125 0.04765625
0 0.69140625 0.42578125 0.0484375 0.05625
0 0.4953125 0.43359375 0.046875 0.07109375
0 0.62578125 0.48828125 0.0640625 0.08125
0 0.14375 0.49296875 0.065625 0.07734375
0 0.2296875 0.50859375 0.078125 0.0875
0 0.7921875 0.515625 0.078125 0.08984375
0 0.534375 0.54375 0.06875 0.10390625
0 0.321875 0.54921875 0.075 0.09375
0 0.04296875 0.58203125 0.0859375 0.09765625
1 0.7140625 0.59375 0.134375 0.23359375
0 0.828125 0.60703125 0.09375 0.11015625
0 0.61328125 0.71875 0.1171875 0.17109375
0 0.0859375 0.73828125 0.140625 0.16015625
0 0.26953125 0.74375 0.1140625 0.17109375