3 0.4625 0.309375 0.034375 0.05625
0 0.50234375 0.321875 0.0171875 0.02265625
1 0.55078125 0.33359375 0.0296875 0.04609375
0 0.39296875 0.33671875 0.0265625 0.03125
0 0.51171875 0.34375 0.0203125 0.02890625
3 0.32734375 0.34453125 0.0546875 0.08515625
0 0.475 0.34453125 0.025 0.02734375
1 0.5890625 0.35390625 0.0375 0.05390625
0 0.52265625 0.3625 0.0203125 0.02890625
0 0.484375 0.36953125 0.025 0.02734375
0 0.6265625 0.37265625 0.0375 0.04609375
0 0.37734375 0.37734375 0.0328125 0.03359375
0 0.546875 0.3875 0.028125 0.04609375
0 0.615625 0.39921875 0.040625 0.03984375
0 0.56015625 0.4 0.0390625 0.05859375
0 0.49140625 0.40390625 0.0328125 0.04140625
0 0.36640625 0.40546875 0.0390625 0.04765625
3 0.26484375 0.41875 0.0921875 0.13359375
0 0.690625 0.47890625 0.05 0.0625
0 0.79921875 0.50078125 0.0578125 0.07265625
1 0.63828125 0.51015625 0.0921875 0.15390625
1 0.10390625 0.53046875 0.1109375 0.13984375
0 0.76328125 0.553125 0.0640625 0.07265625
0 0.31796875 0.596875 0.0796875 0.10625
0 0.53984375 0.59765625 0.0765625 0.10859375
0 0.23046875 0.74296875 0.1171875 0.14375
3 0.83984375 0.81953125 0.3203125 0.36015625