2 0.4640625 0.33671875 0.04375 0.06484375
2 0.52578125 0.33671875 0.0515625 0.08125
0 0.46953125 0.359375 0.0265625 0.03125
1 0.6203125 0.38359375 0.0625 0.1
2 0.56484375 0.38984375 0.0671875 0.10859375
0 0.48046875 0.39453125 0.0328125 0.04375
0 0.3046875 0.40390625 0.0375 0.04609375
0 0.65234375 0.43671875 0.0453125 0.06015625
0 0.49765625 0.43828125 0.0421875 0.06484375
0 0.34140625 0.46328125 0.0546875 0.05625
0 0.51484375 0.48359375 0.0421875 0.07109375
3 0.7640625 0.49140625 0.159375 0.2125
1 0.2078125 0.51015625 0.084375 0.1125
0 0.6203125 0.51328125 0.06875 0.08984375
0 0.52734375 0.55703125 0.0734375 0.11875
1 0.040625 0.61640625 0.08125 0.18359375
0 0.97109375 0.65390625 0.0578125 0.125
0 0.5671875 0.68046875 0.10625 0.16015625
0 0.73359375 0.68828125 0.1140625 0.15234375