1 0.3515625 0.31640625 0.034375 0.0625
0 0.39296875 0.34375 0.0296875 0.0375
0 0.26953125 0.37890625 0.0328125 0.04609375
3 0.62734375 0.37890625 0.0671875 0.0875
0 0.25234375 0.41484375 0.0421875 0.04609375
0 0.59765625 0.43515625 0.0390625 0.0375
0 0.503125 0.44921875 0.0375 0.03515625
0 0.51875 0.471875 0.053125 0.03125
0 0.62421875 0.50859375 0.0640625 0.12890625
0 0.528125 0.51796875 0.053125 0.06484375
1 0.67265625 0.53671875 0.0921875 0.19765625
0 0.55625 0.565625 0.059375 0.08515625
1 0.54140625 0.628125 0.0828125 0.15234375
1 0.109375 0.64609375 0.184375 0.25
0 0.584375 0.71953125 0.09375 0.12734375
3 0.85 0.71953125 0.20625 0.35625
0 0.61171875 0.865625 0.1203125 0.21484375