1 0.3765625 0.27421875 0.025 0.03984375
1 0.4140625 0.275 0.025 0.04140625
1 0.340625 0.278125 0.028125 0.03515625
1 0.35390625 0.28046875 0.0046875 0.00625
1 0.35390625 0.28046875 0.0046875 0.00625
0 0.45390625 0.28046875 0.0015625 0.00625
1 0.37734375 0.29140625 0.0015625 0.00859375
0 0.453125 0.29453125 0.01875 0.02734375
1 0.35859375 0.30234375 0.0359375 0.05390625
0 0.4609375 0.30859375 0.01875 0.02109375
3 0.50390625 0.3125 0.0296875 0.075
0 0.46484375 0.321875 0.0234375 0.02734375
1 0.39296875 0.32421875 0.0359375 0.06484375
3 0.58359375 0.34375 0.0453125 0.06640625
0 0.471875 0.35625 0.025 0.03359375
1 0.528125 0.36484375 0.040625 0.07890625
1 0.32890625 0.36796875 0.0515625 0.07734375
3 0.61015625 0.39765625 0.0515625 0.0625
0 0.484375 0.40234375 0.028125 0.03359375
1 0.5640625 0.40234375 0.0375 0.08359375
3 0.6609375 0.42265625 0.053125 0.08359375
0 0.49765625 0.428125 0.0015625 0.00625
0 0.5703125 0.440625 0.025 0.04375
0 0.49609375 0.44375 0.0359375 0.03359375
0 0.596875 0.46171875 0.034375 0.06484375
0 0.5109375 0.47578125 0.040625 0.04375
3 0.73671875 0.49765625 0.0828125 0.12890625
1 0.6328125 0.55390625 0.059375 0.14140625
0 0.0875 0.55625 0.065625 0.12109375
0 0.52578125 0.56953125 0.0609375 0.10234375
1 0.68359375 0.57109375 0.0921875 0.19140625
3 0.82265625 0.63828125 0.0078125 0.01015625
3 0.82265625 0.63828125 0.0078125 0.01015625
0 0.7453125 0.65546875 0.04375 0.13515625
0 0.55703125 0.69453125 0.0828125 0.12265625
3 0.8609375 0.73203125 0.18125 0.31484375
0 0.24609375 0.73359375 0.0921875 0.125
3 0.93046875 0.82890625 0.1390625 0.2625
0 0.615625 0.83203125 0.1625 0.18984375
0 0.64609375 0.9484375 0.1828125 0.103125