0 0.37734375 0.37109375 0.0328125 0.04140625
0 0.58671875 0.371875 0.0421875 0.03515625
2 0.6390625 0.37265625 0.0625 0.08359375
0 0.48984375 0.41015625 0.0390625 0.04609375
1 0.68125 0.42890625 0.084375 0.0875
1 0.27265625 0.44296875 0.0671875 0.07734375
1 0.60625 0.44296875 0.075 0.11015625
0 0.50078125 0.44765625 0.0484375 0.05390625
0 0.5171875 0.52109375 0.071875 0.07890625
0 0.296875 0.61875 0.084375 0.09140625
3 0.73515625 0.62265625 0.2203125 0.325
0 0.56640625 0.65859375 0.0921875 0.15390625
0 0.696875 0.9171875 0.18125 0.165625