0 0.4734375 0.36328125 0.028125 0.03125
2 0.5421875 0.36640625 0.053125 0.09609375
3 0.6625 0.3875 0.1 0.1125
0 0.48125 0.39296875 0.0375 0.04375
0 0.490625 0.43515625 0.05 0.0625
2 0.58515625 0.43515625 0.0828125 0.15859375
0 0.51015625 0.46171875 0.0609375 0.03984375
0 0.3453125 0.47578125 0.05625 0.07734375
0 0.71796875 0.49921875 0.0359375 0.06484375
3 0.66796875 0.50234375 0.1234375 0.22890625
0 0.51953125 0.515625 0.0609375 0.08515625
0 0.2203125 0.51796875 0.065625 0.07734375
0 0.7609375 0.52578125 0.065625 0.07265625
0 0.53203125 0.56015625 0.0640625 0.0875
0 0.80625 0.58515625 0.0875 0.10390625
0 0.56484375 0.62109375 0.0890625 0.14609375
0 0.934375 0.70078125 0.13125 0.15234375
0 0.79453125 0.759375 0.1296875 0.18125
0 0.60546875 0.76953125 0.1140625 0.16484375