3 0.35859375 0.3125 0.0453125 0.0625
3 0.31640625 0.31796875 0.0359375 0.04765625
0 0.33125 0.36484375 0.03125 0.05390625
3 0.59921875 0.36953125 0.0734375 0.09375
0 0.55390625 0.39609375 0.0359375 0.05
3 0.66796875 0.415625 0.0734375 0.11875
0 0.49453125 0.434375 0.0484375 0.06484375
0 0.57109375 0.434375 0.0546875 0.06484375
3 0.6 0.459375 0.065625 0.11015625
0 0.503125 0.496875 0.053125 0.07265625
3 0.8203125 0.509375 0.209375 0.23125
2 0.2078125 0.5125 0.159375 0.24609375
3 0.63515625 0.52578125 0.0921875 0.17265625
0 0.52890625 0.57265625 0.0609375 0.12890625
1 0.7359375 0.60234375 0.08125 0.12109375
0 0.53984375 0.63359375 0.0796875 0.14609375
0 0.271875 0.66953125 0.13125 0.17265625
3 0.8296875 0.678125 0.221875 0.32265625
0 0.665625 0.703125 0.10625 0.20234375
3 0.909375 0.8234375 0.18125 0.353125
0 0.58359375 0.90390625 0.1421875 0.19140625