3 0.28359375 0.35 0.0453125 0.05859375
0 0.3796875 0.365625 0.034375 0.05625
3 0.32109375 0.36875 0.0515625 0.08359375
1 0.60703125 0.371875 0.0546875 0.10234375
1 0.64453125 0.39921875 0.0734375 0.11484375
1 0.25 0.434375 0.078125 0.10234375
0 0.58828125 0.4375 0.0421875 0.05859375
0 0.35234375 0.43984375 0.0703125 0.05390625
0 0.73828125 0.44765625 0.0578125 0.06640625
1 0.2046875 0.49296875 0.096875 0.11484375
1 0.51015625 0.49296875 0.0640625 0.08515625
3 0.83359375 0.49609375 0.1328125 0.125
1 0.6125 0.50234375 0.059375 0.125
1 0.67265625 0.56015625 0.1109375 0.225
0 0.52421875 0.57890625 0.0765625 0.11640625
0 0.56015625 0.63203125 0.0984375 0.13515625
1 0.73984375 0.64609375 0.0578125 0.1625
3 0.8578125 0.69296875 0.21875 0.31015625
0 0.259375 0.74296875 0.11875 0.17734375
0 0.5765625 0.76640625 0.1 0.18359375
3 0.93046875 0.8453125 0.1390625 0.309375
0 0.7375 0.89921875 0.178125 0.19765625