1 0.3328125 0.34765625 0.046875 0.04140625
1 0.26796875 0.35078125 0.0640625 0.07734375
0 0.38515625 0.36640625 0.0296875 0.0375
0 0.32421875 0.38359375 0.0296875 0.04140625
0 0.4859375 0.39453125 0.034375 0.04765625
3 0.6453125 0.39453125 0.071875 0.13515625
3 0.58359375 0.41484375 0.0921875 0.14609375
1 0.2859375 0.41796875 0.05625 0.09375
0 0.50078125 0.43828125 0.0453125 0.07265625
0 0.35 0.46875 0.059375 0.06640625
3 0.08828125 0.496875 0.1765625 0.26015625
0 0.21640625 0.53515625 0.0765625 0.07109375
0 0.31015625 0.5875 0.0765625 0.1
0 0.54453125 0.61328125 0.0796875 0.11484375
3 0.78984375 0.65546875 0.2171875 0.38515625
1 0.04296875 0.77734375 0.0859375 0.1875