0 0.4625 0.31484375 0.021875 0.02109375
0 0.39609375 0.33125 0.0171875 0.02890625
1 0.52421875 0.33203125 0.0234375 0.06875
3 0.5828125 0.34765625 0.05 0.07890625
0 0.36875 0.35234375 0.025 0.0375
3 0.3109375 0.36953125 0.040625 0.08125
0 0.47734375 0.37265625 0.0296875 0.04609375
0 0.54453125 0.38125 0.0265625 0.05859375
0 0.37265625 0.39453125 0.0390625 0.03984375
0 0.4921875 0.4125 0.04375 0.05390625
1 0.17265625 0.44140625 0.0609375 0.075
3 0.24765625 0.45546875 0.0703125 0.13125
1 0.59375 0.45546875 0.04375 0.12734375
0 0.353125 0.47265625 0.05625 0.05390625
0 0.103125 0.5375 0.078125 0.10859375
3 0.7078125 0.55078125 0.1875 0.28125
0 0.53359375 0.55625 0.0734375 0.125
0 0.2828125 0.63046875 0.0875 0.11484375
0 0.72109375 0.896875 0.1578125 0.20625