3 0.5015625 0.31171875 0.034375 0.05625
0 0.46484375 0.33828125 0.0203125 0.03515625
0 0.3890625 0.346875 0.025 0.03515625
0 0.340625 0.35625 0.028125 0.0375
0 0.58203125 0.36484375 0.0265625 0.0375
0 0.5296875 0.36796875 0.028125 0.03125
0 0.48671875 0.37265625 0.0328125 0.025
0 0.5546875 0.40625 0.0375 0.05390625
0 0.48515625 0.415625 0.0390625 0.05625
3 0.653125 0.41640625 0.09375 0.1375
3 0.17109375 0.43203125 0.1140625 0.14375
0 0.50625 0.440625 0.040625 0.05234375
1 0.5875 0.44765625 0.053125 0.08359375
0 0.52421875 0.490625 0.0515625 0.06875
0 0.65 0.540625 0.071875 0.09375
0 0.53984375 0.56796875 0.0671875 0.09765625
0 0.575 0.67734375 0.090625 0.12109375
1 0.80390625 0.72890625 0.1671875 0.2375
1 0.934375 0.740625 0.13125 0.15234375
0 0.6609375 0.86796875 0.15625 0.25234375