1 0.5546875 0.38671875 0.046875 0.07265625
0 0.36328125 0.39375 0.0359375 0.0375
0 0.49453125 0.39765625 0.0359375 0.03359375
0 0.60234375 0.39921875 0.0484375 0.04375
0 0.48984375 0.41640625 0.0328125 0.04140625
0 0.57265625 0.421875 0.0390625 0.04765625
0 0.65546875 0.421875 0.0359375 0.04765625
0 0.4984375 0.42890625 0.0375 0.03359375
0 0.33828125 0.46328125 0.0453125 0.05625
0 0.50390625 0.46640625 0.0453125 0.07109375
1 0.721875 0.46796875 0.125 0.15234375
0 0.6171875 0.49140625 0.0625 0.07890625
0 0.52109375 0.52265625 0.0578125 0.0875
0 0.2125 0.55390625 0.08125 0.09140625
0 0.77109375 0.55703125 0.0890625 0.11015625
0 0.5515625 0.58046875 0.075 0.09375
0 0.9203125 0.60390625 0.090625 0.0875
0 0.29140625 0.6375 0.0859375 0.11640625
0 0.715625 0.65234375 0.090625 0.1375
0 0.8765625 0.665625 0.09375 0.11875
0 0.628125 0.74453125 0.10625 0.15625
1 0.8140625 0.784375 0.16875 0.27734375
0 0.0859375 0.81640625 0.15 0.17109375
1 0.60703125 0.89140625 0.1546875 0.21640625