1 0.27890625 0.39375 0.0828125 0.12109375
0 0.48984375 0.39765625 0.0359375 0.04609375
0 0.37734375 0.39921875 0.0359375 0.04765625
1 0.21171875 0.41015625 0.0546875 0.0625
0 0.56796875 0.42578125 0.0421875 0.05234375
3 0.66328125 0.42578125 0.0890625 0.11015625
0 0.503125 0.446875 0.04375 0.06015625
1 0.159375 0.459375 0.071875 0.09765625
0 0.61640625 0.49140625 0.0578125 0.06640625
1 0.06015625 0.54453125 0.1203125 0.14375
0 0.67578125 0.56875 0.0828125 0.10859375
0 0.2921875 0.69140625 0.096875 0.125
0 0.57578125 0.70078125 0.0984375 0.15625
0 0.8609375 0.915625 0.16875 0.16875