0 0.47578125 0.35703125 0.0359375 0.03125
2 0.54375 0.36953125 0.05625 0.08984375
0 0.4796875 0.38359375 0.03125 0.0375
3 0.66015625 0.396875 0.0953125 0.11875
0 0.49296875 0.40703125 0.0390625 0.03125
0 0.54609375 0.41953125 0.0234375 0.05234375
2 0.59453125 0.440625 0.0953125 0.16484375
0 0.49921875 0.44765625 0.0515625 0.05390625
0 0.51328125 0.48671875 0.0609375 0.06015625
2 0.1078125 0.49609375 0.15625 0.18359375
0 0.3375 0.509375 0.05625 0.06875
0 0.52421875 0.53046875 0.0671875 0.08125
3 0.7203125 0.56796875 0.165625 0.28515625
0 0.8015625 0.56796875 0.071875 0.11484375
0 0.5484375 0.60078125 0.084375 0.11875
0 0.9046875 0.68203125 0.1125 0.13515625
0 0.62890625 0.81484375 0.1453125 0.24140625