3 0.3859375 0.27578125 0.025 0.03984375
0 0.403125 0.29453125 0.01875 0.02265625
1 0.3484375 0.296875 0.025 0.03515625
0 0.396875 0.31796875 0.025 0.03125
3 0.2984375 0.33203125 0.053125 0.08125
1 0.3828125 0.34765625 0.03125 0.04140625
1 0.31484375 0.37890625 0.0484375 0.07890625
0 0.48125 0.38046875 0.034375 0.05625
1 0.553125 0.3875 0.046875 0.0875
1 0.2109375 0.40234375 0.075 0.09140625
0 0.36796875 0.41796875 0.0390625 0.04375
3 0.6890625 0.42265625 0.1125 0.18359375
0 0.57109375 0.42421875 0.0328125 0.05234375
0 0.48671875 0.42734375 0.0359375 0.06640625
0 0.5953125 0.44765625 0.04375 0.06640625
0 0.50234375 0.4625 0.0390625 0.0625
0 0.5171875 0.49453125 0.059375 0.08125
0 0.340625 0.49765625 0.059375 0.075
1 0.753125 0.50390625 0.103125 0.15859375
1 0.62265625 0.509375 0.0671875 0.13515625
0 0.53046875 0.534375 0.0640625 0.08515625
1 0.66796875 0.54921875 0.1078125 0.20234375
0 0.55859375 0.57734375 0.0703125 0.10390625
1 0.5359375 0.62265625 0.08125 0.15859375
1 0.76484375 0.65078125 0.0984375 0.16015625
0 0.25703125 0.728125 0.1078125 0.14375
3 0.86328125 0.734375 0.2296875 0.38984375
0 0.5734375 0.74140625 0.1 0.175
0 0.61328125 0.86171875 0.1359375 0.20625
0 0.64296875 0.95078125 0.1515625 0.09765625