3 0.25390625 0.3625 0.0796875 0.11640625
1 0.27734375 0.41953125 0.0515625 0.06875
1 0.59765625 0.42734375 0.0609375 0.12890625
0 0.49921875 0.43984375 0.0515625 0.07890625
1 0.70546875 0.46875 0.0578125 0.09140625
0 0.35 0.47265625 0.065625 0.09609375
1 0.63125 0.48359375 0.075 0.10859375
0 0.25078125 0.48828125 0.0578125 0.06875
0 0.52265625 0.515625 0.0578125 0.07734375
1 0.8390625 0.553125 0.159375 0.26875
0 0.5578125 0.653125 0.09375 0.14765625
0 0.30703125 0.665625 0.0953125 0.11484375
3 0.803125 0.69921875 0.34375 0.43984375
0 0.125 0.71015625 0.11875 0.125