3 0.37578125 0.29453125 0.0328125 0.05234375
2 0.4015625 0.30625 0.028125 0.03359375
1 0.33203125 0.31484375 0.0296875 0.04609375
0 0.38984375 0.33671875 0.0296875 0.03515625
0 0.37109375 0.38046875 0.0359375 0.04375
3 0.23671875 0.38203125 0.0765625 0.11015625
1 0.553125 0.3875 0.046875 0.0875
3 0.6671875 0.40078125 0.09375 0.14375
0 0.57109375 0.42421875 0.0328125 0.05234375
0 0.5953125 0.44765625 0.04375 0.06640625
0 0.50234375 0.4625 0.0390625 0.0625
1 0.334375 0.46875 0.053125 0.07109375
1 0.72421875 0.47890625 0.0953125 0.14609375
0 0.5171875 0.49453125 0.059375 0.08125
1 0.62265625 0.509375 0.0671875 0.13515625
1 0.190625 0.53125 0.103125 0.15
0 0.53046875 0.534375 0.0640625 0.08515625
1 0.66796875 0.54921875 0.1078125 0.20234375
0 0.55859375 0.57734375 0.0703125 0.10390625
1 0.903125 0.61875 0.159375 0.22890625
1 0.5359375 0.62265625 0.08125 0.15859375
1 0.76484375 0.65078125 0.0984375 0.16015625
3 0.86328125 0.734375 0.2296875 0.38984375
0 0.5734375 0.74140625 0.1 0.175
0 0.61328125 0.86171875 0.1359375 0.20625
0 0.64296875 0.95078125 0.1515625 0.09765625