0 0.39296875 0.33828125 0.0296875 0.03984375
3 0.27734375 0.35546875 0.0453125 0.07265625
3 0.31640625 0.36796875 0.0671875 0.08125
1 0.60703125 0.37265625 0.0609375 0.1
0 0.37265625 0.37578125 0.0359375 0.06015625
1 0.64375 0.39921875 0.075 0.11484375
0 0.7125 0.42578125 0.059375 0.07265625
1 0.2359375 0.44921875 0.0875 0.13984375
0 0.35 0.46796875 0.075 0.07734375
1 0.71171875 0.48984375 0.0890625 0.12109375
1 0.5046875 0.49375 0.06875 0.07890625
1 0.61953125 0.50546875 0.0609375 0.13125
3 0.81640625 0.525 0.1328125 0.14140625
1 0.16875 0.5375 0.103125 0.1875
1 0.67734375 0.559375 0.1171875 0.18984375
0 0.521875 0.57109375 0.059375 0.09609375
0 0.5625 0.615625 0.103125 0.11015625
3 0.96875 0.62578125 0.0625 0.13515625
1 0.7390625 0.63046875 0.065625 0.11875
3 0.84375 0.72421875 0.209375 0.34375
0 0.5703125 0.75390625 0.1 0.20390625
0 0.2359375 0.815625 0.228125 0.17265625
3 0.93125 0.8375 0.1375 0.325
0 0.73671875 0.9015625 0.1640625 0.196875