1 0.359375 0.31953125 0.028125 0.04375
1 0.3109375 0.32109375 0.028125 0.05
1 0.51171875 0.3375 0.0421875 0.05390625
0 0.48125 0.38984375 0.034375 0.04140625
3 0.56484375 0.390625 0.0828125 0.14765625
0 0.3640625 0.40546875 0.04375 0.04765625
0 0.62890625 0.40859375 0.0390625 0.05390625
2 0.6859375 0.42109375 0.084375 0.12890625
0 0.49609375 0.440625 0.0359375 0.05234375
0 0.52578125 0.51796875 0.0640625 0.07265625
1 0.803125 0.53984375 0.15625 0.175
0 0.56953125 0.64375 0.0828125 0.1125
0 0.7296875 0.66640625 0.10625 0.1125
0 0.66484375 0.9546875 0.1421875 0.090625