0 0.46953125 0.34140625 0.0265625 0.025
0 0.309375 0.34296875 0.021875 0.03515625
0 0.33984375 0.34453125 0.0234375 0.03984375
0 0.38984375 0.34765625 0.0296875 0.03359375
0 0.5203125 0.35234375 0.028125 0.03359375
0 0.475 0.36953125 0.03125 0.04375
0 0.60859375 0.4 0.0359375 0.05859375
0 0.5078125 0.42109375 0.0375 0.05859375
0 0.35703125 0.4375 0.0578125 0.07890625
0 0.5140625 0.47734375 0.046875 0.0625
0 0.7125 0.49765625 0.059375 0.0625
0 0.63359375 0.51484375 0.0484375 0.07109375
0 0.6921875 0.59609375 0.084375 0.1125
0 0.5484375 0.609375 0.075 0.11015625
0 0.22578125 0.74375 0.1859375 0.15
0 0.69375 0.9203125 0.159375 0.159375