3 0.52109375 0.34140625 0.0453125 0.05859375
0 0.35 0.34609375 0.025 0.03359375
0 0.3859375 0.34921875 0.028125 0.03125
1 0.58125 0.3625 0.046875 0.05859375
1 0.25625 0.37109375 0.053125 0.07890625
0 0.47734375 0.37734375 0.0328125 0.04140625
0 0.3734375 0.38046875 0.03125 0.03984375
3 0.3078125 0.38125 0.059375 0.075
0 0.49453125 0.4125 0.0390625 0.05859375
0 0.35234375 0.44765625 0.0484375 0.0625
0 0.51953125 0.4625 0.0515625 0.0625
0 0.27890625 0.4625 0.0546875 0.06640625
0 0.5546875 0.56328125 0.078125 0.12265625
0 0.30234375 0.63125 0.0890625 0.10390625
0 0.675 0.90390625 0.159375 0.19140625