1 0.30234375 0.34140625 0.0578125 0.07890625
1 0.58125 0.365625 0.040625 0.06015625
0 0.3890625 0.36953125 0.040625 0.05234375
0 0.4875 0.38984375 0.040625 0.0625
3 0.65234375 0.38984375 0.0796875 0.07109375
0 0.5421875 0.39140625 0.03125 0.04609375
0 0.31953125 0.403125 0.0421875 0.06484375
0 0.57734375 0.428125 0.0578125 0.07265625
1 0.2796875 0.434375 0.0625 0.08984375
0 0.35859375 0.44921875 0.0515625 0.09375
3 0.159375 0.44765625 0.128125 0.19140625
0 0.24921875 0.47265625 0.0671875 0.09609375
3 0.63671875 0.496875 0.0953125 0.16015625
0 0.52265625 0.50859375 0.0546875 0.0875
1 0.77109375 0.50859375 0.1078125 0.175
0 0.3296875 0.55 0.09375 0.125
0 0.575 0.62109375 0.084375 0.1375
0 0.2546875 0.68828125 0.1375 0.18125