3 0.3359375 0.35625 0.05 0.08359375
0 0.6171875 0.41796875 0.040625 0.06484375
1 0.58359375 0.43203125 0.0578125 0.10234375
0 0.5015625 0.44296875 0.04375 0.06015625
0 0.659375 0.45546875 0.053125 0.05625
1 0.72890625 0.48828125 0.0921875 0.15625
0 0.33203125 0.50390625 0.0671875 0.075
0 0.52890625 0.50390625 0.0609375 0.08359375
0 0.65859375 0.56328125 0.0796875 0.10625
3 0.8921875 0.62890625 0.215625 0.35859375
1 0.7578125 0.696875 0.140625 0.23515625
0 0.59765625 0.77109375 0.1109375 0.15390625