0 0.29765625 0.3375 0.0328125 0.04609375
1 0.33828125 0.34453125 0.0296875 0.05234375
0 0.38671875 0.34453125 0.0296875 0.03515625
3 0.6125 0.3625 0.065625 0.10390625
3 0.553125 0.371875 0.059375 0.10234375
2 0.49140625 0.38984375 0.0703125 0.12109375
0 0.72421875 0.44296875 0.0515625 0.05625
0 0.665625 0.446875 0.053125 0.08125
0 0.35703125 0.45703125 0.0515625 0.06015625
1 0.2625 0.46484375 0.078125 0.0875
1 0.11953125 0.49765625 0.1296875 0.15390625
1 0.178125 0.58984375 0.128125 0.18359375
0 0.546875 0.59921875 0.084375 0.11015625
0 0.30625 0.67109375 0.0875 0.11640625
3 0.9125 0.67578125 0.175 0.36015625
3 0.80859375 0.709375 0.2828125 0.46015625