3 0.284375 0.34453125 0.0625 0.10234375
0 0.34765625 0.353125 0.0234375 0.03515625
0 0.3859375 0.36171875 0.025 0.03125
0 0.48671875 0.38125 0.0359375 0.04609375
3 0.30078125 0.38203125 0.0671875 0.09765625
0 0.36171875 0.41328125 0.0359375 0.04765625
3 0.61484375 0.44609375 0.1046875 0.18359375
1 0.6765625 0.446875 0.05625 0.08515625
0 0.34375 0.475 0.05625 0.0625
2 0.534375 0.48125 0.10625 0.1875
0 0.234375 0.49921875 0.0625 0.07265625
1 0.7515625 0.51015625 0.090625 0.1375
1 0.075 0.54375 0.109375 0.15
0 0.28984375 0.65078125 0.0921875 0.11484375
0 0.596875 0.66875 0.10625 0.1625
1 0.0984375 0.72265625 0.109375 0.15859375
0 0.209375 0.92578125 0.1625 0.14765625