3 0.6171875 0.36875 0.0625 0.1125
1 0.325 0.37265625 0.04375 0.05
1 0.2359375 0.37578125 0.06875 0.07734375
3 0.55625 0.38203125 0.078125 0.10625
0 0.48828125 0.39453125 0.0390625 0.05625
0 0.371875 0.40546875 0.0375 0.03984375
0 0.29921875 0.41015625 0.0390625 0.05
1 0.23671875 0.48359375 0.0828125 0.12890625
0 0.5140625 0.49375 0.059375 0.08359375
3 0.684375 0.525 0.134375 0.25
3 0.04765625 0.58515625 0.0953125 0.30859375
0 0.31640625 0.59140625 0.0859375 0.1
0 0.1125 0.70234375 0.125 0.125
0 0.22890625 0.83359375 0.1359375 0.16640625
0 0.62265625 0.84375 0.1328125 0.20859375