0 0.40234375 0.30625 0.0234375 0.02890625
1 0.32109375 0.325 0.0359375 0.0625
0 0.35859375 0.32734375 0.0328125 0.04609375
0 0.39296875 0.33203125 0.0296875 0.03125
0 0.3609375 0.36875 0.034375 0.04609375
3 0.6375 0.37421875 0.078125 0.10234375
3 0.5640625 0.38359375 0.071875 0.1125
0 0.29296875 0.428125 0.0734375 0.09765625
0 0.72890625 0.440625 0.0609375 0.06015625
3 0.621875 0.465625 0.11875 0.16015625
0 0.509375 0.48515625 0.071875 0.09609375
1 0.20625 0.55078125 0.109375 0.18515625
0 0.534375 0.55859375 0.090625 0.12890625
3 0.925 0.640625 0.15 0.25625
3 0.76875 0.646875 0.25 0.37734375
0 0.56875 0.65703125 0.109375 0.14765625
0 0.59453125 0.8 0.1203125 0.18359375
0 0.6578125 0.9109375 0.171875 0.178125