2 0.628125 0.396875 0.071875 0.10625
0 0.36171875 0.41015625 0.0421875 0.05390625
1 0.58671875 0.42265625 0.0671875 0.12109375
0 0.49765625 0.428125 0.0421875 0.05625
2 0.73515625 0.48125 0.1390625 0.2
0 0.51640625 0.49375 0.0578125 0.08359375
0 0.640625 0.52578125 0.071875 0.09375
1 0.21953125 0.58515625 0.0890625 0.09140625
0 0.55546875 0.59921875 0.0828125 0.12265625
0 0.7 0.61875 0.1 0.12109375
0 0.9484375 0.621875 0.103125 0.11015625
1 0.853125 0.76953125 0.175 0.30625
0 0.64609375 0.77890625 0.1359375 0.20859375