2 0.54765625 0.37265625 0.0640625 0.1
0 0.496875 0.41015625 0.040625 0.05390625
3 0.6703125 0.41875 0.084375 0.12109375
1 0.571875 0.4375 0.040625 0.09609375
0 0.50859375 0.46171875 0.0453125 0.06015625
1 0.6265625 0.47421875 0.0875 0.16015625
0 0.15546875 0.49375 0.0578125 0.07109375
0 0.79296875 0.49765625 0.0734375 0.08359375
0 0.334375 0.515625 0.065625 0.07265625
0 0.534375 0.540625 0.065625 0.09375
1 0.70703125 0.59375 0.1234375 0.22109375
3 0.88671875 0.709375 0.2234375 0.29375
0 0.653125 0.8625 0.1375 0.21640625