1 0.21015625 0.38671875 0.0921875 0.08984375
0 0.55546875 0.390625 0.0390625 0.04765625
0 0.3078125 0.40234375 0.0375 0.05390625
0 0.49453125 0.41328125 0.0421875 0.05625
1 0.65859375 0.43828125 0.0640625 0.08984375
0 0.57421875 0.44921875 0.0453125 0.05625
0 0.51953125 0.47578125 0.0484375 0.06875
1 0.6203125 0.49765625 0.078125 0.1125
0 0.34921875 0.5 0.0578125 0.07109375
1 0.18046875 0.503125 0.1640625 0.22265625
3 0.0546875 0.55 0.109375 0.20390625
0 0.5484375 0.62421875 0.0875 0.13984375
0 0.8796875 0.86484375 0.171875 0.22890625