0 0.39375 0.33359375 0.0375 0.03359375
0 0.38515625 0.359375 0.0359375 0.05234375
0 0.52265625 0.38671875 0.0328125 0.05234375
3 0.29375 0.403125 0.08125 0.16015625
0 0.4890625 0.44609375 0.059375 0.075
1 0.61640625 0.44765625 0.0703125 0.12109375
3 0.74765625 0.46171875 0.1515625 0.18515625
3 0.11875 0.49921875 0.13125 0.13515625
0 0.5125 0.50390625 0.075 0.0875
0 0.58984375 0.5125 0.0890625 0.12890625
1 0.7015625 0.56015625 0.09375 0.125
0 0.54296875 0.6 0.0890625 0.14140625
3 0.77421875 0.61015625 0.1734375 0.27109375
0 0.18828125 0.61953125 0.1265625 0.12265625
0 0.58828125 0.7125 0.1109375 0.19140625
3 0.878125 0.79765625 0.24375 0.40390625
0 0.62890625 0.878125 0.1484375 0.24375