1 0.3609375 0.30859375 0.040625 0.05859375
1 0.39921875 0.309375 0.0296875 0.05234375
0 0.384375 0.34921875 0.04375 0.03515625
0 0.3734375 0.38671875 0.04375 0.06015625
0 0.6359375 0.40390625 0.046875 0.06640625
3 0.7234375 0.421875 0.140625 0.13984375
1 0.60859375 0.43203125 0.0671875 0.12265625
3 0.2515625 0.43515625 0.1125 0.16640625
0 0.484375 0.44765625 0.040625 0.07109375
0 0.5578125 0.47578125 0.075 0.10234375
0 0.5046875 0.503125 0.06875 0.10234375
0 0.528125 0.57109375 0.08125 0.12109375
3 0.746875 0.60859375 0.159375 0.3
0 0.57578125 0.68125 0.1140625 0.14609375
3 0.86171875 0.77890625 0.2765625 0.44140625
0 0.61484375 0.82109375 0.1515625 0.23359375
0 0.05390625 0.87109375 0.1078125 0.18359375