2 0.34375 0.284375 0.01875 0.03125
3 0.365625 0.29609375 0.01875 0.02890625
3 0.496875 0.303125 0.03125 0.03125
0 0.5296875 0.31015625 0.0125 0.02109375
0 0.4625 0.31484375 0.01875 0.0375
0 0.325 0.31796875 0.015625 0.03125
3 0.3546875 0.32265625 0.028125 0.05
0 0.39609375 0.33671875 0.0171875 0.02265625
0 0.5078125 0.33671875 0.021875 0.03125
0 0.303125 0.3375 0.01875 0.025
0 0.475 0.346875 0.025 0.03125
0 0.38828125 0.36171875 0.0203125 0.03125
3 0.2390625 0.36796875 0.0625 0.11484375
0 0.5328125 0.36953125 0.021875 0.04765625
3 0.3046875 0.38984375 0.053125 0.09140625
3 0.57734375 0.38984375 0.0734375 0.12109375
0 0.4875 0.390625 0.0375 0.05234375
0 0.371875 0.39609375 0.03125 0.04140625
0 0.50625 0.45390625 0.05625 0.05859375
0 0.31171875 0.5375 0.0734375 0.09609375
3 0.7015625 0.54453125 0.153125 0.29375
0 0.6375 0.9015625 0.1 0.196875