1 0.34375 0.29375 0.028125 0.04609375
0 0.4078125 0.29453125 0.021875 0.03125
0 0.375 0.30390625 0.03125 0.05
3 0.58046875 0.31015625 0.0578125 0.06640625
0 0.3953125 0.33125 0.03125 0.04140625
1 0.521875 0.34765625 0.053125 0.06640625
0 0.4796875 0.36171875 0.034375 0.03125
0 0.48125 0.37890625 0.034375 0.0375
0 0.48671875 0.41015625 0.0421875 0.05859375
3 0.59296875 0.41875 0.1046875 0.18359375
0 0.66015625 0.43984375 0.0484375 0.07109375
2 0.73828125 0.47578125 0.1421875 0.18984375
0 0.5109375 0.5 0.059375 0.08359375
0 0.3171875 0.50390625 0.078125 0.09140625
1 0.05859375 0.53984375 0.1171875 0.15390625
0 0.56328125 0.63828125 0.0984375 0.13515625
1 0.9078125 0.65859375 0.184375 0.2375
0 0.13359375 0.665625 0.1203125 0.16015625
0 0.65390625 0.9 0.1765625 0.2