3 0.60078125 0.34765625 0.0671875 0.09609375
0 0.3859375 0.35625 0.028125 0.04609375
3 0.53984375 0.365625 0.0640625 0.09765625
1 0.28046875 0.36796875 0.0515625 0.06875
0 0.31953125 0.390625 0.0359375 0.05625
0 0.4875 0.4 0.04375 0.02890625
3 0.5859375 0.41953125 0.090625 0.14375
0 0.3609375 0.42265625 0.05 0.04609375
0 0.50546875 0.43828125 0.0578125 0.03984375
3 0.7515625 0.48671875 0.134375 0.16015625
0 0.30859375 0.50703125 0.0890625 0.10625
0 0.51171875 0.509375 0.0671875 0.08515625
3 0.67734375 0.54296875 0.1734375 0.26484375
0 0.54609375 0.603125 0.0953125 0.11484375
0 0.1375 0.63046875 0.11875 0.11875
0 0.57421875 0.70859375 0.1109375 0.1625
1 0.92421875 0.709375 0.1515625 0.27734375
0 0.63046875 0.84765625 0.1578125 0.20390625
0 0.9390625 0.94453125 0.121875 0.11015625
0 0.6890625 0.96953125 0.125 0.06015625