0 0.4046875 0.29609375 0.01875 0.02890625
0 0.37734375 0.296875 0.0203125 0.03125
0 0.35625 0.32265625 0.03125 0.03359375
0 0.3984375 0.32421875 0.025 0.03515625
0 0.46875 0.346875 0.028125 0.03125
3 0.5796875 0.359375 0.075 0.11015625
0 0.478125 0.365625 0.03125 0.03984375
0 0.37109375 0.37578125 0.0453125 0.05234375
0 0.5296875 0.38203125 0.040625 0.05234375
0 0.490625 0.40078125 0.0375 0.06015625
1 0.58125 0.434375 0.059375 0.08984375
0 0.50703125 0.459375 0.0515625 0.07734375
0 0.53359375 0.52890625 0.0671875 0.09140625
0 0.62890625 0.77734375 0.1484375 0.2375
0 0.209375 0.89453125 0.153125 0.21015625