0 0.38515625 0.35390625 0.0328125 0.03359375
0 0.53671875 0.375 0.0328125 0.04140625
1 0.6015625 0.378125 0.04375 0.06875
0 0.37578125 0.38671875 0.0328125 0.03984375
0 0.48515625 0.38984375 0.0328125 0.04609375
0 0.303125 0.40625 0.0375 0.05
0 0.5671875 0.40859375 0.040625 0.05859375
1 0.2328125 0.409375 0.0625 0.07734375
0 0.65859375 0.434375 0.0453125 0.04765625
1 0.171875 0.434375 0.075 0.11015625
0 0.359375 0.45234375 0.05 0.05
0 0.5078125 0.45703125 0.046875 0.07265625
1 0.61875 0.47421875 0.0625 0.10234375
0 0.33671875 0.51796875 0.0609375 0.07734375
0 0.5265625 0.52890625 0.059375 0.08359375
1 0.8046875 0.54296875 0.05 0.14375
1 0.17890625 0.54765625 0.1078125 0.15859375
3 0.7546875 0.63046875 0.23125 0.36015625
1 0.9375 0.68828125 0.125 0.23125
0 0.2625 0.7375 0.103125 0.1375
2 0.6359375 0.746875 0.234375 0.43984375