0 0.37109375 0.36953125 0.0578125 0.06484375
0 0.346875 0.46953125 0.071875 0.09765625
1 0.14609375 0.47109375 0.1078125 0.11640625
1 0.6203125 0.51015625 0.0625 0.13359375
1 0.85859375 0.546875 0.1546875 0.15625
1 0.66875 0.55078125 0.109375 0.21484375
1 0.54296875 0.62890625 0.0921875 0.16640625
0 0.30078125 0.653125 0.1046875 0.13984375
0 0.584375 0.71796875 0.121875 0.14375
3 0.85390625 0.71875 0.2234375 0.375
3 0.10703125 0.7578125 0.2140625 0.484375
0 0.60625 0.8375 0.13125 0.17109375
3 0.9234375 0.8375 0.153125 0.325
0 0.6375 0.94453125 0.171875 0.11015625