0 0.3890625 0.35234375 0.034375 0.04140625
1 0.33984375 0.35390625 0.0390625 0.05
3 0.55078125 0.36953125 0.0640625 0.12734375
1 0.24453125 0.38046875 0.0578125 0.07734375
0 0.6078125 0.39453125 0.04375 0.04765625
2 0.6578125 0.39609375 0.071875 0.10859375
0 0.48515625 0.41328125 0.0359375 0.05234375
0 0.50703125 0.46015625 0.0515625 0.07109375
1 0.7453125 0.48515625 0.11875 0.12890625
0 0.6328125 0.51015625 0.059375 0.07890625
0 0.53046875 0.53125 0.0640625 0.0875
1 0.90859375 0.671875 0.1828125 0.26875
0 0.24921875 0.73203125 0.1203125 0.13515625
0 0.58359375 0.740625 0.1078125 0.16484375