3 0.35859375 0.29765625 0.0546875 0.0875
0 0.39765625 0.32109375 0.0328125 0.04609375
0 0.296875 0.34921875 0.04375 0.06484375
0 0.27265625 0.384375 0.0578125 0.05234375
1 0.55546875 0.3875 0.0578125 0.1
3 0.6328125 0.39609375 0.071875 0.11640625
0 0.678125 0.396875 0.0375 0.06015625
0 0.57265625 0.42421875 0.0421875 0.05625
0 0.5953125 0.45546875 0.05 0.07734375
3 0.80234375 0.48203125 0.2015625 0.23125
1 0.23984375 0.484375 0.1609375 0.14765625
0 0.51875 0.48984375 0.05 0.07109375
1 0.6203125 0.50078125 0.075 0.13984375
0 0.53046875 0.52578125 0.0640625 0.08125
1 0.67421875 0.553125 0.1140625 0.21015625
0 0.5625 0.571875 0.071875 0.11015625
1 0.53828125 0.63203125 0.0921875 0.17265625
1 0.74296875 0.64453125 0.0484375 0.14765625
0 0.58203125 0.728125 0.1078125 0.17265625
3 0.8609375 0.7375 0.228125 0.40390625
0 0.6125 0.875 0.153125 0.24609375