2 0.4671875 0.32734375 0.040625 0.0625
3 0.51875 0.33828125 0.040625 0.06875
2 0.28984375 0.340625 0.0546875 0.07265625
0 0.38828125 0.35078125 0.0328125 0.03515625
3 0.6 0.35703125 0.04375 0.04765625
0 0.47734375 0.3625 0.0359375 0.03359375
2 0.54375 0.36953125 0.05625 0.08984375
0 0.49140625 0.39140625 0.0328125 0.025
3 0.66015625 0.396875 0.0953125 0.11875
0 0.49765625 0.41796875 0.0390625 0.03125
0 0.55234375 0.434375 0.0234375 0.05234375
0 0.35390625 0.45 0.0578125 0.07109375
0 0.50546875 0.46796875 0.0578125 0.07265625
2 0.62734375 0.484375 0.1203125 0.20234375
0 0.709375 0.49296875 0.04375 0.06875
0 0.5234375 0.52265625 0.075 0.0875
0 0.55546875 0.63125 0.0921875 0.11640625
3 0.8546875 0.72890625 0.290625 0.4625
0 0.6140625 0.82890625 0.140625 0.20859375