3 0.321875 0.35390625 0.053125 0.08359375
0 0.48203125 0.38984375 0.0359375 0.04609375
0 0.36875 0.39609375 0.0375 0.04609375
3 0.571875 0.39921875 0.08125 0.13515625
1 0.25546875 0.40859375 0.0578125 0.07890625
3 0.6765625 0.42578125 0.1 0.13984375
0 0.340625 0.48359375 0.059375 0.06640625
0 0.51640625 0.496875 0.0515625 0.08125
3 0.80703125 0.50078125 0.1296875 0.11484375
0 0.65703125 0.54609375 0.0640625 0.10859375
0 0.175 0.56640625 0.0875 0.09140625
0 0.91953125 0.571875 0.0890625 0.11484375
2 0.81875 0.70703125 0.275 0.41015625
1 0.0703125 0.72265625 0.140625 0.22109375
0 0.63984375 0.73984375 0.1296875 0.19140625
0 0.2421875 0.83671875 0.134375 0.16875