1 0.56328125 0.38359375 0.0515625 0.09140625
3 0.21953125 0.39453125 0.1078125 0.14765625
0 0.303125 0.41875 0.04375 0.05390625
0 0.3625 0.42265625 0.040625 0.05859375
1 0.590625 0.43515625 0.0375 0.075
0 0.50078125 0.44140625 0.0421875 0.05390625
1 0.22890625 0.48046875 0.0671875 0.07265625
3 0.74453125 0.48515625 0.1140625 0.20859375
0 0.51484375 0.50859375 0.0609375 0.0875
3 0.68046875 0.54140625 0.1765625 0.26640625
0 0.3140625 0.57890625 0.090625 0.14140625
0 0.17734375 0.603125 0.0890625 0.09375
0 0.5625 0.63359375 0.078125 0.12890625