1 0.328125 0.34765625 0.05 0.075
2 0.4796875 0.36328125 0.05625 0.11484375
0 0.38125 0.37734375 0.034375 0.04609375
1 0.26875 0.3875 0.05625 0.07109375
3 0.584375 0.41640625 0.090625 0.15
0 0.3578125 0.43125 0.05 0.05390625
3 0.69296875 0.44765625 0.1078125 0.15390625
0 0.2234375 0.50546875 0.075 0.08125
0 0.53046875 0.53515625 0.0640625 0.10390625
1 0.8484375 0.55625 0.153125 0.16640625
1 0.159375 0.58515625 0.1 0.14609375
0 0.696875 0.596875 0.0875 0.13515625
0 0.31328125 0.6125 0.0859375 0.10859375
2 0.86796875 0.778125 0.2640625 0.44375
0 0.696875 0.878125 0.159375 0.23984375