3 0.55859375 0.37734375 0.0671875 0.125
3 0.23359375 0.38046875 0.0890625 0.11484375
2 0.49453125 0.39296875 0.0640625 0.11875
1 0.61640625 0.39296875 0.0359375 0.06875
0 0.3109375 0.403125 0.034375 0.05234375
0 0.36640625 0.42421875 0.0359375 0.05234375
1 0.65546875 0.43046875 0.0546875 0.09765625
3 0.2328125 0.47265625 0.10625 0.15859375
0 0.5265625 0.48046875 0.059375 0.08984375
0 0.32109375 0.5125 0.0671875 0.0875
0 0.8671875 0.665625 0.11875 0.13984375
0 0.265625 0.67578125 0.10625 0.11875
0 0.68203125 0.69609375 0.1109375 0.15
0 0.0609375 0.74921875 0.121875 0.14375