0 0.37578125 0.37890625 0.0359375 0.04609375
3 0.63359375 0.396875 0.0578125 0.09375
2 0.57265625 0.40390625 0.0828125 0.125
0 0.4890625 0.40546875 0.0375 0.04765625
1 0.28203125 0.41640625 0.0546875 0.07890625
0 0.70546875 0.428125 0.0453125 0.06015625
1 0.19140625 0.440625 0.0734375 0.10625
0 0.66796875 0.44765625 0.0484375 0.05859375
0 0.50078125 0.46171875 0.0453125 0.06875
0 0.5265625 0.528125 0.053125 0.09375
3 0.81875 0.53046875 0.184375 0.25234375
0 0.6625 0.57421875 0.08125 0.11484375
0 0.3140625 0.584375 0.075 0.10625
0 0.5515625 0.63671875 0.0875 0.15625
0 0.63515625 0.83828125 0.1453125 0.20234375
0 0.87421875 0.8953125 0.1765625 0.209375
0 0.2046875 0.89921875 0.15 0.19765625