3 0.48984375 0.29453125 0.0328125 0.04765625
0 0.4046875 0.30859375 0.025 0.02890625
0 0.46796875 0.321875 0.0234375 0.03125
3 0.54921875 0.32421875 0.0453125 0.06015625
0 0.38984375 0.33671875 0.0265625 0.03984375
0 0.51171875 0.346875 0.0296875 0.03515625
0 0.4796875 0.35703125 0.03125 0.03515625
0 0.58359375 0.425 0.0578125 0.07109375
2 0.35 0.43203125 0.109375 0.15625
3 0.21171875 0.453125 0.1421875 0.21484375
0 0.56328125 0.57265625 0.0796875 0.12890625
0 0.25 0.69765625 0.109375 0.16640625
0 0.66484375 0.884375 0.1640625 0.21875