3 0.2890625 0.340625 0.05625 0.06875
0 0.38359375 0.35625 0.0390625 0.05390625
3 0.33046875 0.36015625 0.0390625 0.1
1 0.61015625 0.37421875 0.0578125 0.09375
1 0.6515625 0.409375 0.075 0.11015625
1 0.271875 0.42109375 0.0625 0.10859375
0 0.36328125 0.425 0.0515625 0.07890625
1 0.21171875 0.48359375 0.0796875 0.13359375
1 0.7203125 0.4875 0.071875 0.09609375
1 0.5109375 0.50234375 0.075 0.09609375
1 0.63515625 0.51171875 0.0859375 0.14375
1 0.67421875 0.55234375 0.1109375 0.1875
3 0.8296875 0.55625 0.140625 0.175
0 0.5234375 0.57734375 0.06875 0.11640625
0 0.55234375 0.628125 0.0796875 0.12265625
1 0.74921875 0.64765625 0.0734375 0.16640625
0 0.29609375 0.65 0.1109375 0.13359375
3 0.84296875 0.7 0.1953125 0.32890625
0 0.5859375 0.79140625 0.121875 0.19140625
3 0.93046875 0.8453125 0.1390625 0.309375
0 0.746875 0.9265625 0.175 0.146875