1 0.33125 0.35546875 0.0375 0.06015625
0 0.38203125 0.37265625 0.0359375 0.04609375
1 0.6328125 0.38828125 0.0625 0.08125
1 0.6734375 0.41796875 0.075 0.10625
0 0.59453125 0.43046875 0.0453125 0.03125
0 0.515625 0.49453125 0.0625 0.06875
3 0.7578125 0.49609375 0.09375 0.07890625
1 0.62265625 0.50625 0.0640625 0.125
1 0.67109375 0.55078125 0.0921875 0.19375
3 0.05859375 0.5625 0.0921875 0.1625
0 0.5296875 0.603125 0.071875 0.15625
1 0.7359375 0.63828125 0.05 0.14765625
0 0.56953125 0.67265625 0.1140625 0.15
3 0.8484375 0.690625 0.2 0.32265625
3 0.925 0.8390625 0.15 0.321875
0 0.62578125 0.9078125 0.1734375 0.184375