1 0.515625 0.32734375 0.034375 0.06640625
3 0.6 0.35546875 0.053125 0.09765625
3 0.54921875 0.37109375 0.0671875 0.1
0 0.4828125 0.38359375 0.0375 0.05
1 0.21796875 0.38828125 0.0765625 0.11015625
1 0.31328125 0.390625 0.0515625 0.06015625
0 0.359375 0.43125 0.040625 0.05390625
0 0.2828125 0.44140625 0.046875 0.05859375
0 0.20859375 0.45234375 0.0546875 0.05
0 0.49765625 0.45703125 0.0484375 0.07265625
1 0.6515625 0.48203125 0.115625 0.21015625
1 0.203125 0.54921875 0.10625 0.16875
3 0.86015625 0.60078125 0.1796875 0.18125
1 0.80390625 0.665625 0.1609375 0.29765625
0 0.56875 0.66640625 0.0875 0.14140625
0 0.27265625 0.71953125 0.1171875 0.14375
0 0.04296875 0.89921875 0.0859375 0.18984375