1 0.3421875 0.28984375 0.046875 0.05390625
0 0.3953125 0.33046875 0.0375 0.03984375
1 0.6 0.3625 0.046875 0.07890625
3 0.559375 0.396875 0.075 0.11875
0 0.5046875 0.45 0.05625 0.07109375
0 0.51875 0.53203125 0.0625 0.10625
0 0.80703125 0.56640625 0.0828125 0.1125
1 0.7171875 0.61796875 0.153125 0.26875
0 0.925 0.68515625 0.140625 0.17109375
0 0.590625 0.73046875 0.10625 0.18984375
0 0.19921875 0.85859375 0.1765625 0.20390625
0 0.89765625 0.9046875 0.2046875 0.190625
0 0.66171875 0.9328125 0.1609375 0.134375