3 0.25390625 0.3625 0.0796875 0.11640625
0 0.63671875 0.41484375 0.0359375 0.05390625
1 0.27734375 0.41953125 0.0515625 0.06875
1 0.59296875 0.42265625 0.0609375 0.12890625
2 0.49765625 0.43125 0.0421875 0.07109375
1 0.69609375 0.45234375 0.0578125 0.07109375
1 0.6296875 0.47734375 0.075 0.10859375
0 0.34375 0.48359375 0.065625 0.09609375
0 0.23984375 0.503125 0.0578125 0.06875
0 0.51796875 0.509375 0.0578125 0.07734375
3 0.825 0.540625 0.153125 0.24765625
0 0.54921875 0.62265625 0.0828125 0.12890625
3 0.77890625 0.66875 0.3171875 0.40859375
0 0.29921875 0.696875 0.0953125 0.11484375
0 0.10625 0.75078125 0.125 0.14375
0 0.64765625 0.87421875 0.1484375 0.23515625