0 0.38046875 0.35703125 0.0359375 0.04375
1 0.53828125 0.36171875 0.0453125 0.07265625
0 0.28046875 0.36953125 0.0390625 0.04375
3 0.640625 0.38984375 0.06875 0.1125
0 0.5015625 0.41015625 0.034375 0.05
2 0.5890625 0.41015625 0.08125 0.12890625
0 0.70390625 0.415625 0.0421875 0.05234375
0 0.346875 0.43671875 0.05 0.06484375
0 0.52421875 0.49765625 0.0546875 0.07109375
3 0.7734375 0.509375 0.15625 0.17265625
1 0.6515625 0.53515625 0.078125 0.14140625
0 0.55 0.61015625 0.075 0.10390625
1 0.76484375 0.659375 0.1703125 0.30625