1 0.22890625 0.37265625 0.0828125 0.08359375
0 0.3234375 0.38046875 0.03125 0.04765625
0 0.5640625 0.40234375 0.0375 0.05
0 0.49921875 0.43125 0.0421875 0.05859375
0 0.3640625 0.446875 0.046875 0.05234375
1 0.678125 0.46015625 0.06875 0.10390625
1 0.21328125 0.46640625 0.1328125 0.1875
0 0.58828125 0.471875 0.0515625 0.06015625
3 0.09296875 0.496875 0.1296875 0.17265625
0 0.528125 0.50390625 0.05625 0.08359375
1 0.64375 0.52578125 0.090625 0.13515625
0 0.56875 0.68125 0.10625 0.15859375
1 0.0796875 0.746875 0.159375 0.45234375