0 0.30234375 0.34921875 0.0265625 0.03984375
0 0.37578125 0.35234375 0.0328125 0.04140625
3 0.62734375 0.35625 0.0734375 0.0625
3 0.54375 0.365625 0.065625 0.11015625
0 0.4890625 0.41015625 0.040625 0.05390625
0 0.57109375 0.42890625 0.0265625 0.05859375
0 0.359375 0.4375 0.053125 0.06640625
3 0.1703125 0.45546875 0.071875 0.10234375
3 0.709375 0.45625 0.06875 0.11640625
3 0.240625 0.4625 0.10625 0.15859375
2 0.6328125 0.478125 0.121875 0.18125
0 0.51875 0.48515625 0.0625 0.0875
0 0.771875 0.55546875 0.078125 0.08984375
0 0.32265625 0.57578125 0.0765625 0.09375
0 0.55546875 0.609375 0.0859375 0.12734375
1 0.07578125 0.66640625 0.1515625 0.1875
0 0.64609375 0.875 0.1359375 0.23359375