2 0.4671875 0.32734375 0.040625 0.0625
3 0.51875 0.33828125 0.040625 0.06875
0 0.47578125 0.35703125 0.0359375 0.03125
0 0.38125 0.35859375 0.034375 0.04609375
0 0.33203125 0.36171875 0.0328125 0.03984375
2 0.54375 0.36953125 0.05625 0.08984375
0 0.4796875 0.38359375 0.03125 0.0375
3 0.66015625 0.396875 0.0953125 0.11875
0 0.49296875 0.40703125 0.0390625 0.03125
0 0.54609375 0.41953125 0.0234375 0.05234375
2 0.59453125 0.440625 0.0953125 0.16484375
0 0.49921875 0.44765625 0.0515625 0.05390625
0 0.51328125 0.48671875 0.0609375 0.06015625
0 0.52421875 0.53046875 0.0671875 0.08125
0 0.79609375 0.54921875 0.0703125 0.09375
3 0.70234375 0.55625 0.1734375 0.27109375
2 0.06953125 0.55703125 0.1390625 0.23515625
0 0.3234375 0.5625 0.071875 0.08359375
0 0.5484375 0.60078125 0.084375 0.11875
0 0.86875 0.65390625 0.115625 0.13359375
0 0.6140625 0.76875 0.13125 0.2375