1 0.578125 0.34921875 0.046875 0.08515625
3 0.5375 0.36328125 0.059375 0.09375
0 0.48359375 0.36875 0.0328125 0.04140625
0 0.37265625 0.375 0.0328125 0.03359375
0 0.63046875 0.37890625 0.0328125 0.05859375
0 0.26953125 0.38984375 0.0328125 0.06640625
1 0.31328125 0.39609375 0.0578125 0.10859375
0 0.690625 0.42109375 0.05625 0.0875
0 0.36640625 0.421875 0.0484375 0.05234375
0 0.5015625 0.44296875 0.05 0.07265625
0 0.365625 0.46640625 0.05 0.05859375
0 0.82265625 0.51171875 0.0578125 0.11875
1 0.7609375 0.53203125 0.0875 0.16015625
0 0.56484375 0.60625 0.1046875 0.17109375
0 0.9578125 0.61015625 0.084375 0.075
1 0.02265625 0.646875 0.0453125 0.20625
0 0.78515625 0.73125 0.1234375 0.19140625
1 0.96171875 0.76328125 0.0765625 0.26015625
0 0.17578125 0.9484375 0.1671875 0.103125