0 0.375 0.36171875 0.034375 0.03984375
0 0.2890625 0.365625 0.034375 0.05234375
1 0.55078125 0.37890625 0.0453125 0.08359375
0 0.31953125 0.38203125 0.0265625 0.04375
0 0.37109375 0.396875 0.0390625 0.04375
0 0.5 0.41875 0.040625 0.04140625
1 0.70234375 0.42734375 0.0703125 0.07890625
0 0.51171875 0.45390625 0.0578125 0.05390625
0 0.59375 0.45703125 0.04375 0.08125
0 0.52265625 0.49375 0.0453125 0.0625
1 0.76953125 0.496875 0.1078125 0.15625
1 0.61953125 0.50703125 0.0515625 0.11484375
1 0.6703125 0.54453125 0.103125 0.20234375
0 0.55078125 0.55234375 0.0578125 0.06640625
1 0.52734375 0.596875 0.0640625 0.10234375
1 0.74453125 0.63359375 0.0734375 0.12890625
3 0.859375 0.71015625 0.234375 0.36640625
0 0.58046875 0.715625 0.1078125 0.13515625
0 0.61484375 0.83046875 0.1234375 0.13984375
3 0.92109375 0.84375 0.1578125 0.3125
0 0.646875 0.94375 0.146875 0.1125