1 0.315625 0.35234375 0.05625 0.09140625
1 0.2703125 0.36484375 0.040625 0.05
0 0.59765625 0.38125 0.0328125 0.04609375
0 0.55 0.38671875 0.034375 0.05234375
1 0.23984375 0.3875 0.0484375 0.07109375
0 0.63828125 0.41640625 0.0484375 0.05390625
0 0.37421875 0.42421875 0.0390625 0.05234375
1 0.2 0.425 0.0625 0.08359375
0 0.50234375 0.45625 0.0484375 0.06640625
0 0.61328125 0.50703125 0.0578125 0.07734375
3 0.74765625 0.509375 0.1453125 0.16484375
1 0.209375 0.515625 0.090625 0.14375
0 0.53125 0.53671875 0.065625 0.08515625
0 0.0640625 0.5625 0.08125 0.1
0 0.3171875 0.5875 0.075 0.1
0 0.71171875 0.62578125 0.0890625 0.10234375
1 0.11796875 0.64375 0.1390625 0.22890625
0 0.8546875 0.8 0.153125 0.1875
0 0.2265625 0.84140625 0.128125 0.14609375