1 0.3 0.340625 0.040625 0.05234375
0 0.3875 0.36015625 0.03125 0.04140625
0 0.525 0.3625 0.03125 0.0375
0 0.47890625 0.36328125 0.0296875 0.03515625
0 0.33671875 0.365625 0.0328125 0.04375
0 0.4828125 0.39609375 0.034375 0.05390625
1 0.71875 0.41953125 0.071875 0.09765625
3 0.5953125 0.43046875 0.1 0.16015625
0 0.5015625 0.45546875 0.05 0.07265625
3 0.2140625 0.50234375 0.1 0.14609375
1 0.74296875 0.50859375 0.0859375 0.12109375
0 0.13125 0.5125 0.06875 0.10390625
0 0.5265625 0.52265625 0.0625 0.08359375
0 0.56953125 0.70078125 0.1078125 0.14765625