0 0.38046875 0.37421875 0.0359375 0.04375
0 0.26953125 0.37578125 0.0390625 0.04375
3 0.6375 0.384375 0.0625 0.10234375
0 0.69296875 0.403125 0.0421875 0.05234375
0 0.4984375 0.40390625 0.040625 0.05390625
2 0.5828125 0.40703125 0.08125 0.12734375
0 0.3390625 0.47890625 0.05625 0.06640625
0 0.51796875 0.47890625 0.0546875 0.07109375
3 0.7515625 0.49296875 0.134375 0.15234375
1 0.63203125 0.521875 0.0765625 0.13515625
0 0.540625 0.584375 0.06875 0.10234375
1 0.7328125 0.61953125 0.146875 0.26875
0 0.95859375 0.64375 0.0828125 0.12109375
0 0.63203125 0.82734375 0.1296875 0.20859375
1 0.9140625 0.85703125 0.171875 0.28515625