1 0.3234375 0.315625 0.028125 0.04375
0 0.3953125 0.33828125 0.025 0.03515625
0 0.35546875 0.340625 0.0234375 0.03515625
3 0.60546875 0.36328125 0.0671875 0.10234375
0 0.48203125 0.365625 0.0296875 0.03125
0 0.5390625 0.384375 0.034375 0.04375
3 0.296875 0.4 0.059375 0.0875
0 0.490625 0.40078125 0.034375 0.04765625
0 0.234375 0.415625 0.053125 0.07265625
0 0.50078125 0.45625 0.0484375 0.0625
3 0.6546875 0.515625 0.15 0.22265625
0 0.13828125 0.521875 0.0734375 0.08984375
1 0.8859375 0.5375 0.11875 0.18359375
0 0.53671875 0.55625 0.0671875 0.1
0 0.31015625 0.5625 0.0765625 0.1
1 0.875 0.6375 0.146875 0.18359375
0 0.59296875 0.71015625 0.1078125 0.1625
0 0.20625 0.9171875 0.153125 0.165625