2 0.4671875 0.32734375 0.040625 0.0625
3 0.51875 0.33828125 0.040625 0.06875
0 0.47578125 0.35703125 0.0359375 0.03125
2 0.54375 0.36953125 0.05625 0.08984375
0 0.3734375 0.375 0.034375 0.04609375
0 0.31953125 0.38046875 0.0328125 0.03984375
0 0.4796875 0.38359375 0.03125 0.0375
3 0.66015625 0.396875 0.0953125 0.11875
0 0.49296875 0.40703125 0.0390625 0.03125
0 0.54609375 0.41953125 0.0234375 0.05234375
2 0.59453125 0.440625 0.0953125 0.16484375
0 0.49921875 0.44765625 0.0515625 0.05390625
0 0.51328125 0.48671875 0.0609375 0.06015625
0 0.52421875 0.53046875 0.0671875 0.08125
3 0.6859375 0.534375 0.15 0.24765625
0 0.7828125 0.54609375 0.059375 0.1
0 0.54140625 0.58125 0.0796875 0.1
0 0.8515625 0.62890625 0.1 0.125
0 0.28046875 0.68828125 0.0953125 0.11484375
0 0.58984375 0.71328125 0.1140625 0.18984375
0 0.91875 0.9109375 0.153125 0.178125
0 0.6671875 0.928125 0.16875 0.14375