3 0.58984375 0.3375 0.0578125 0.0875
3 0.53359375 0.35 0.0546875 0.10859375
1 0.29453125 0.35390625 0.0421875 0.05859375
0 0.3875 0.36015625 0.03125 0.04140625
2 0.48359375 0.3625 0.0546875 0.09609375
0 0.29453125 0.403125 0.0359375 0.06015625
0 0.36640625 0.42421875 0.0390625 0.05625
0 0.4953125 0.42734375 0.05 0.06640625
1 0.26328125 0.44375 0.0546875 0.0875
1 0.1828125 0.45546875 0.075 0.10625
3 0.61171875 0.45703125 0.1140625 0.18984375
3 0.73828125 0.48203125 0.1359375 0.17734375
0 0.3171875 0.54921875 0.084375 0.08984375
1 0.94296875 0.71796875 0.1140625 0.29765625
0 0.59375 0.725 0.109375 0.1625
0 0.8421875 0.80859375 0.15 0.225