1 0.24140625 0.36015625 0.0765625 0.07109375
0 0.33203125 0.36796875 0.0296875 0.04375
0 0.56875 0.41171875 0.040625 0.05625
0 0.3734375 0.42734375 0.04375 0.05390625
0 0.50234375 0.446875 0.0453125 0.06484375
1 0.2296875 0.44921875 0.121875 0.17734375
3 0.11875 0.46640625 0.109375 0.14609375
1 0.69140625 0.47578125 0.0765625 0.11484375
0 0.59921875 0.48828125 0.0546875 0.06484375
0 0.534375 0.52265625 0.059375 0.0875
1 0.6640625 0.55859375 0.1 0.14140625
1 0.0953125 0.66484375 0.190625 0.3875
0 0.5859375 0.73125 0.115625 0.17109375