1 0.61328125 0.38828125 0.0453125 0.08984375
0 0.48984375 0.40234375 0.0359375 0.05
3 0.684375 0.43125 0.115625 0.16640625
1 0.584375 0.45 0.05 0.08359375
0 0.50390625 0.459375 0.0453125 0.06875
1 0.0953125 0.50546875 0.10625 0.13515625
1 0.65234375 0.515625 0.0859375 0.14765625
0 0.53359375 0.5375 0.0671875 0.10390625
1 0.90390625 0.60390625 0.1921875 0.23359375
0 0.275 0.70546875 0.090625 0.11484375
0 0.62578125 0.77734375 0.1203125 0.17109375
3 0.0828125 0.78125 0.165625 0.425
2 0.89921875 0.82265625 0.2015625 0.35390625