1 0.353125 0.31875 0.028125 0.04609375
0 0.39921875 0.32890625 0.0359375 0.03359375
1 0.559375 0.33125 0.025 0.05
0 0.4671875 0.33515625 0.046875 0.04140625
3 0.52421875 0.340625 0.0484375 0.08515625
1 0.34140625 0.34609375 0.0265625 0.04609375
0 0.3875 0.365625 0.03125 0.03515625
1 0.6078125 0.375 0.0375 0.07109375
0 0.36171875 0.425 0.0390625 0.06640625
0 0.58046875 0.46015625 0.0609375 0.07109375
0 0.52890625 0.484375 0.0546875 0.08515625
0 0.3203125 0.52578125 0.05625 0.08125
0 0.5875 0.70390625 0.1125 0.16640625
0 0.21640625 0.89140625 0.1640625 0.20859375