0 0.39140625 0.325 0.0265625 0.03359375
3 0.54296875 0.35859375 0.0609375 0.12109375
1 0.31640625 0.38046875 0.0390625 0.06015625
0 0.59765625 0.38125 0.0359375 0.04609375
0 0.48203125 0.38984375 0.0359375 0.04140625
2 0.6484375 0.390625 0.0625 0.10234375
0 0.36953125 0.40859375 0.0421875 0.04140625
0 0.496875 0.43671875 0.04375 0.06015625
0 0.61484375 0.45625 0.0421875 0.05390625
1 0.71171875 0.459375 0.0953125 0.10625
0 0.51328125 0.48984375 0.0609375 0.075
1 0.1328125 0.49375 0.084375 0.12109375
1 0.746875 0.55234375 0.128125 0.175
0 0.54453125 0.61640625 0.0765625 0.12109375
3 0.865625 0.79140625 0.26875 0.41640625
0 0.6421875 0.884375 0.14375 0.23125