1 0.31875 0.315625 0.03125 0.06015625
1 0.35078125 0.33515625 0.0359375 0.075
1 0.31796875 0.365625 0.0328125 0.07265625
0 0.37421875 0.38203125 0.0359375 0.06484375
0 0.5109375 0.45859375 0.071875 0.05859375
3 0.2375 0.46796875 0.146875 0.27734375
0 0.53203125 0.48984375 0.0578125 0.04140625
0 0.3375 0.51015625 0.05625 0.09609375
0 0.76640625 0.52734375 0.0546875 0.1
0 0.54140625 0.55078125 0.0859375 0.08984375
3 0.67109375 0.55078125 0.1546875 0.27265625
3 0.91328125 0.60703125 0.1734375 0.28515625
0 0.56328125 0.65859375 0.0953125 0.14609375
3 0.86640625 0.77421875 0.2671875 0.43984375
0 0.64609375 0.896875 0.1703125 0.20625