0 0.3703125 0.4 0.04375 0.0625
0 0.4953125 0.40546875 0.0375 0.05234375
0 0.29375 0.41015625 0.046875 0.07109375
1 0.6421875 0.41328125 0.06875 0.08984375
0 0.36328125 0.44140625 0.0578125 0.07890625
3 0.2375 0.446875 0.134375 0.18984375
0 0.5359375 0.49375 0.059375 0.1
2 0.0890625 0.49453125 0.159375 0.17265625
1 0.7578125 0.52265625 0.1 0.15859375
0 0.86015625 0.5625 0.0765625 0.10859375
0 0.6671875 0.58046875 0.0875 0.12265625
3 0.1328125 0.66171875 0.2125 0.31875
0 0.30390625 0.67421875 0.1296875 0.16015625
0 0.60703125 0.70390625 0.1140625 0.16640625
0 0.925 0.8875 0.15 0.22109375