0 0.5171875 0.34921875 0.028125 0.03515625
3 0.3140625 0.37734375 0.046875 0.075
3 0.6234375 0.378125 0.075 0.09765625
0 0.4875 0.38359375 0.03125 0.04140625
0 0.2609375 0.384375 0.040625 0.06015625
0 0.5484375 0.403125 0.0375 0.04765625
0 0.5 0.42265625 0.04375 0.05859375
0 0.19140625 0.4625 0.0546875 0.0625
0 0.3390625 0.47421875 0.059375 0.06875
0 0.5140625 0.49140625 0.053125 0.07890625
3 0.69453125 0.55625 0.1859375 0.29140625
0 0.29609375 0.63046875 0.0828125 0.10625
0 0.5609375 0.63046875 0.090625 0.12734375
0 0.659375 0.8890625 0.159375 0.221875