0 0.40078125 0.29921875 0.0359375 0.03125
0 0.36484375 0.31796875 0.0296875 0.03125
1 0.32578125 0.31875 0.0359375 0.05
0 0.39765625 0.32265625 0.0234375 0.0375
0 0.36953125 0.34765625 0.0328125 0.04140625
3 0.653125 0.3875 0.090625 0.125
3 0.56875 0.39921875 0.0875 0.13515625
0 0.30078125 0.40546875 0.0515625 0.09765625
0 0.51796875 0.45078125 0.0671875 0.06875
0 0.74921875 0.46640625 0.0640625 0.075
0 0.51171875 0.48984375 0.0640625 0.08359375
3 0.6421875 0.490625 0.140625 0.17734375
1 0.228125 0.50546875 0.08125 0.13515625
0 0.53125 0.56015625 0.096875 0.12890625
0 0.56875 0.65625 0.109375 0.10859375
3 0.93671875 0.66640625 0.1265625 0.29609375
3 0.7890625 0.671875 0.275 0.40234375
0 0.5984375 0.80234375 0.15 0.2
0 0.65625 0.91015625 0.16875 0.17890625