1 0.8703125 0.28359375 0.003125 0.00859375
0 0.56953125 0.421875 0.0484375 0.05234375
1 0.6765625 0.42265625 0.075 0.10390625
0 0.221875 0.428125 0.05 0.04375
0 0.596875 0.44296875 0.053125 0.04765625
0 0.34375 0.45234375 0.053125 0.0875
0 0.5109375 0.47578125 0.059375 0.06015625
1 0.74609375 0.478125 0.1015625 0.13515625
1 0.6171875 0.49765625 0.071875 0.1125
0 0.52890625 0.50078125 0.0453125 0.04765625
0 0.22265625 0.5375 0.0828125 0.09609375
1 0.66328125 0.54609375 0.1046875 0.18359375
0 0.3203125 0.575 0.071875 0.0875
1 0.5265625 0.58671875 0.06875 0.13984375
1 0.53359375 0.58671875 0.0734375 0.12734375
1 0.72265625 0.63203125 0.0484375 0.13984375
0 0.54765625 0.678125 0.0046875 0.00625
0 0.5765625 0.70625 0.1 0.125
3 0.85546875 0.72734375 0.2328125 0.36640625
0 0.609375 0.834375 0.115625 0.14765625
0 0.93359375 0.8484375 0.1328125 0.303125
0 0.64765625 0.9484375 0.1390625 0.103125