1 0.30078125 0.334375 0.0359375 0.05625
0 0.38515625 0.35625 0.0390625 0.04140625
3 0.32109375 0.37734375 0.0546875 0.0875
0 0.61484375 0.40546875 0.0359375 0.06015625
1 0.56953125 0.41015625 0.0515625 0.0875
0 0.49375 0.42578125 0.04375 0.06015625
0 0.6390625 0.43828125 0.040625 0.05625
1 0.69375 0.45234375 0.084375 0.125
0 0.5171875 0.47109375 0.053125 0.075
0 0.62890625 0.51171875 0.0671875 0.08984375
3 0.8390625 0.56015625 0.209375 0.29609375
1 0.696875 0.60546875 0.10625 0.18984375
0 0.55859375 0.64765625 0.0796875 0.11640625
0 0.2671875 0.68984375 0.09375 0.1125
1 0.91328125 0.86328125 0.1734375 0.26875