1 0.53515625 0.35859375 0.0390625 0.06640625
0 0.47890625 0.37890625 0.0328125 0.04609375
3 0.6125 0.38515625 0.071875 0.07890625
0 0.503125 0.390625 0.034375 0.03515625
0 0.67265625 0.4 0.0484375 0.05859375
2 0.49453125 0.42734375 0.0453125 0.09140625
0 0.7140625 0.43203125 0.053125 0.05625
1 0.603125 0.471875 0.078125 0.11875
0 0.5171875 0.496875 0.0625 0.08515625
1 0.71875 0.50234375 0.0875 0.10859375
1 0.82265625 0.57421875 0.1109375 0.10234375
0 0.6703125 0.58515625 0.084375 0.1125
0 0.5484375 0.61796875 0.090625 0.13125
1 0.07421875 0.75546875 0.1484375 0.30234375