2 0.546875 0.365625 0.0625 0.08984375
0 0.48046875 0.39453125 0.0328125 0.04375
0 0.48828125 0.40703125 0.0328125 0.03125
0 0.553125 0.41328125 0.040625 0.04375
0 0.49765625 0.434375 0.0515625 0.05625
0 0.56484375 0.44375 0.0359375 0.05859375
0 0.51015625 0.48359375 0.0515625 0.08359375
0 0.31796875 0.51484375 0.0609375 0.075
0 0.74609375 0.53125 0.0546875 0.09140625
2 0.66953125 0.53671875 0.1578125 0.24765625
0 0.54296875 0.584375 0.0828125 0.10625
0 0.5859375 0.73359375 0.109375 0.14140625
3 0.8890625 0.7796875 0.221875 0.440625