0 0.403125 0.30546875 0.01875 0.02265625
3 0.3609375 0.3125 0.0375 0.06640625
3 0.47109375 0.32890625 0.0453125 0.075
0 0.39453125 0.33515625 0.0265625 0.0375
3 0.33125 0.34296875 0.05 0.08125
0 0.51953125 0.34921875 0.0234375 0.02265625
1 0.5828125 0.3625 0.0375 0.0625
1 0.26171875 0.36640625 0.0453125 0.05859375
0 0.53046875 0.37734375 0.0265625 0.0375
0 0.49140625 0.38359375 0.0390625 0.04140625
0 0.37578125 0.38984375 0.0359375 0.04609375
0 0.5546875 0.4125 0.0375 0.04609375
0 0.3453125 0.41484375 0.046875 0.05
0 0.6875 0.41484375 0.025 0.04140625
1 0.65078125 0.425 0.0515625 0.0875
0 0.58984375 0.45078125 0.0421875 0.05625
0 0.509375 0.4625 0.05 0.07109375
0 0.753125 0.47109375 0.053125 0.05859375
0 0.228125 0.52109375 0.06875 0.07890625
0 0.328125 0.52421875 0.065625 0.08515625
0 0.75078125 0.53125 0.0796875 0.08359375
0 0.64296875 0.53359375 0.0671875 0.10390625
0 0.55078125 0.56640625 0.0640625 0.09609375
0 0.08984375 0.73359375 0.1171875 0.16640625
0 0.9609375 0.734375 0.078125 0.14765625
1 0.8765625 0.80703125 0.246875 0.38515625