3 0.2609375 0.35390625 0.075 0.10859375
0 0.28203125 0.4125 0.0453125 0.06640625
1 0.603125 0.43515625 0.06875 0.14140625
0 0.5015625 0.446875 0.05 0.07734375
0 0.35390625 0.46328125 0.0609375 0.09765625
0 0.25625 0.478125 0.053125 0.06015625
1 0.64140625 0.49375 0.0828125 0.12109375
0 0.528125 0.5375 0.0625 0.09140625
3 0.85859375 0.57109375 0.1734375 0.27890625
0 0.3140625 0.63671875 0.084375 0.09375
0 0.1453125 0.67890625 0.109375 0.11640625
0 0.56953125 0.68828125 0.0984375 0.16484375
3 0.82109375 0.746875 0.3578125 0.50625
0 0.2046875 0.92265625 0.15625 0.15390625