1 0.36015625 0.321875 0.0578125 0.06484375
1 0.40234375 0.32265625 0.0453125 0.05
0 0.38046875 0.3625 0.0453125 0.0375
0 0.53828125 0.3625 0.0328125 0.05390625
0 0.48203125 0.40625 0.0546875 0.05859375
0 0.365625 0.409375 0.053125 0.07265625
1 0.61015625 0.428125 0.0640625 0.11484375
1 0.6078125 0.4375 0.0625 0.12890625
1 0.72421875 0.43984375 0.1484375 0.15859375
0 0.490625 0.440625 0.053125 0.06015625
0 0.5484375 0.45390625 0.065625 0.0875
0 0.20546875 0.478125 0.1578125 0.23125
0 0.50859375 0.4875 0.0578125 0.08359375
1 0.66953125 0.53046875 0.0703125 0.11484375
0 0.5296875 0.55859375 0.08125 0.1
1 0.73359375 0.56796875 0.1328125 0.23984375
0 0.95078125 0.62421875 0.0984375 0.21484375
0 0.5640625 0.646875 0.10625 0.14765625
3 0.86171875 0.76875 0.2765625 0.4625
0 0.60390625 0.78515625 0.1453125 0.20859375