0 0.39921875 0.30703125 0.0203125 0.03125
0 0.4609375 0.31171875 0.034375 0.03984375
0 0.51875 0.35859375 0.021875 0.04609375
0 0.46796875 0.359375 0.0328125 0.04765625
3 0.31484375 0.36171875 0.0546875 0.09375
0 0.38515625 0.36484375 0.0359375 0.04609375
1 0.2859375 0.39609375 0.05625 0.09140625
0 0.56484375 0.41640625 0.0484375 0.07109375
0 0.359375 0.43125 0.04375 0.04609375
1 0.62890625 0.47109375 0.0890625 0.1625
0 0.325 0.51015625 0.0625 0.075
0 0.5390625 0.57421875 0.075 0.12734375
0 0.02421875 0.57578125 0.0484375 0.15234375
3 0.12734375 0.621875 0.1265625 0.22265625