0 0.6 0.37890625 0.046875 0.05390625
0 0.478125 0.38125 0.034375 0.04140625
0 0.55 0.403125 0.040625 0.04765625
1 0.221875 0.40546875 0.059375 0.07265625
0 0.62734375 0.41328125 0.0453125 0.05234375
0 0.4953125 0.41875 0.040625 0.04609375
1 0.68828125 0.44921875 0.0671875 0.10234375
0 0.6015625 0.47578125 0.05625 0.07265625
0 0.5109375 0.48359375 0.05 0.06640625
3 0.80390625 0.52265625 0.1953125 0.2875
0 0.56171875 0.59765625 0.0921875 0.12890625
0 0.26875 0.64921875 0.096875 0.13515625
3 0.7375 0.65234375 0.184375 0.25390625
0 0.6453125 0.86171875 0.14375 0.22265625