2 0.35390625 0.2875 0.0359375 0.05
0 0.39609375 0.325 0.0296875 0.0375
2 0.4671875 0.33046875 0.04375 0.06484375
2 0.51640625 0.33671875 0.0515625 0.08125
0 0.46953125 0.359375 0.0265625 0.03125
2 0.546875 0.365625 0.0625 0.08984375
3 0.6 0.36640625 0.0625 0.1
0 0.4796875 0.36875 0.034375 0.0375
0 0.37265625 0.375 0.0359375 0.05
0 0.48046875 0.39453125 0.0328125 0.04375
0 0.3234375 0.40078125 0.046875 0.05234375
0 0.48828125 0.40703125 0.0328125 0.03125
0 0.621875 0.40703125 0.03125 0.04765625
0 0.553125 0.41328125 0.040625 0.04375
3 0.6953125 0.41953125 0.128125 0.14375
0 0.20703125 0.42109375 0.0890625 0.11640625
0 0.49765625 0.434375 0.0515625 0.05625
0 0.6 0.496875 0.0625 0.07734375
0 0.51796875 0.52109375 0.0671875 0.08359375
2 0.77109375 0.653125 0.2640625 0.36875
0 0.58125 0.68984375 0.1 0.15390625
0 0.95859375 0.78515625 0.0828125 0.17890625
0 0.66015625 0.9578125 0.1953125 0.084375