0 0.36953125 0.334375 0.0234375 0.03125
1 0.278125 0.36015625 0.0375 0.0625
3 0.321875 0.37265625 0.0625 0.08359375
1 0.6296875 0.37578125 0.071875 0.12265625
1 0.553125 0.3875 0.046875 0.0875
0 0.37890625 0.396875 0.0359375 0.04765625
0 0.57109375 0.42421875 0.0328125 0.05234375
1 0.671875 0.43359375 0.065625 0.125
0 0.33515625 0.4375 0.0453125 0.05859375
0 0.5953125 0.44765625 0.04375 0.06640625
0 0.50234375 0.4625 0.0390625 0.0625
0 0.5171875 0.49453125 0.059375 0.08125
1 0.62265625 0.509375 0.0671875 0.13515625
1 0.7828125 0.51875 0.109375 0.17109375
0 0.265625 0.52890625 0.0875 0.11640625
0 0.53046875 0.534375 0.0640625 0.08515625
1 0.66796875 0.54921875 0.1078125 0.20234375
0 0.55859375 0.57734375 0.0703125 0.10390625
1 0.5359375 0.62265625 0.08125 0.15859375
1 0.76484375 0.65078125 0.0984375 0.16015625
0 0.2796875 0.69609375 0.10625 0.14140625
3 0.86328125 0.734375 0.2296875 0.38984375
0 0.5734375 0.74140625 0.1 0.175
0 0.61328125 0.86171875 0.1359375 0.20625
0 0.64296875 0.95078125 0.1515625 0.09765625