1 0.28828125 0.35078125 0.0359375 0.04765625
0 0.384375 0.36640625 0.0375 0.04609375
0 0.4796875 0.36796875 0.03125 0.03984375
0 0.32890625 0.38125 0.0390625 0.04140625
0 0.4984375 0.4 0.0375 0.04609375
0 0.3671875 0.40859375 0.04375 0.04609375
0 0.5125 0.446875 0.05 0.07265625
3 0.24296875 0.45625 0.1046875 0.14140625
1 0.1609375 0.45703125 0.08125 0.11484375
0 0.34296875 0.46328125 0.0515625 0.07265625
0 0.5375 0.53984375 0.065625 0.10390625
3 0.771875 0.62734375 0.21875 0.375
0 0.28125 0.684375 0.090625 0.11875
0 0.1109375 0.71171875 0.109375 0.11875