0 0.40234375 0.30703125 0.0203125 0.03125
3 0.34765625 0.31875 0.0359375 0.05859375
0 0.39765625 0.32109375 0.0234375 0.03359375
0 0.47578125 0.34453125 0.0328125 0.05234375
1 0.32890625 0.353125 0.0390625 0.06875
0 0.39296875 0.353125 0.0390625 0.03515625
0 0.36875 0.38671875 0.0375 0.04375
1 0.20078125 0.41484375 0.0765625 0.10859375
0 0.5484375 0.41875 0.05 0.07109375
3 0.2734375 0.43984375 0.0625 0.14140625
0 0.5015625 0.45625 0.05 0.0875
3 0.0828125 0.51171875 0.109375 0.16875
0 0.6796875 0.58515625 0.0875 0.14140625
0 0.29296875 0.64296875 0.1015625 0.17265625
1 0.92734375 0.84375 0.1453125 0.3125