2 0.534375 0.35859375 0.0625 0.0875
3 0.6625 0.3875 0.1 0.1125
0 0.30546875 0.39140625 0.0328125 0.0375
0 0.359375 0.39921875 0.040625 0.03984375
0 0.490625 0.43515625 0.05 0.0625
2 0.58515625 0.43515625 0.0828125 0.15859375
0 0.509375 0.45234375 0.04375 0.0375
0 0.71640625 0.490625 0.0359375 0.06484375
3 0.65546875 0.5 0.1234375 0.22890625
0 0.51484375 0.50625 0.0640625 0.0875
0 0.33828125 0.509375 0.0546875 0.06875
0 0.19765625 0.51796875 0.0640625 0.06875
0 0.7609375 0.52578125 0.065625 0.07265625
0 0.79453125 0.55625 0.0671875 0.05859375
0 0.5515625 0.57265625 0.096875 0.12109375
0 0.69375 0.61484375 0.0875 0.1375
0 0.559375 0.65546875 0.096875 0.11875
0 0.58046875 0.75625 0.1171875 0.17109375
3 0.8671875 0.79375 0.265625 0.4125
0 0.63359375 0.87890625 0.1421875 0.22890625