2 0.4640625 0.33671875 0.04375 0.06484375
2 0.52578125 0.33671875 0.0515625 0.08125
0 0.46953125 0.359375 0.0265625 0.03125
1 0.6203125 0.38359375 0.0625 0.1
2 0.56484375 0.38984375 0.0671875 0.10859375
0 0.48046875 0.39453125 0.0328125 0.04375
0 0.296875 0.41796875 0.0375 0.05234375
0 0.65234375 0.43671875 0.0453125 0.06015625
0 0.49765625 0.43828125 0.0421875 0.06484375
0 0.51484375 0.48359375 0.0421875 0.07109375
0 0.3390625 0.48515625 0.0625 0.0625
3 0.7640625 0.49140625 0.159375 0.2125
0 0.6203125 0.51328125 0.06875 0.08984375
1 0.1859375 0.52890625 0.103125 0.1125
0 0.52734375 0.55703125 0.0734375 0.11875
0 0.95390625 0.63515625 0.0921875 0.12109375
0 0.7171875 0.66484375 0.115625 0.13359375
0 0.5671875 0.66953125 0.10625 0.13984375