0 0.3796875 0.36640625 0.0375 0.04609375
0 0.475 0.37890625 0.040625 0.05390625
3 0.55859375 0.38203125 0.0734375 0.12265625
3 0.29609375 0.39765625 0.0640625 0.10390625
3 0.65234375 0.40703125 0.0859375 0.11484375
0 0.36640625 0.42734375 0.0390625 0.0625
0 0.49375 0.446875 0.05625 0.07734375
0 0.6 0.48046875 0.04375 0.09765625
1 0.20703125 0.48984375 0.0828125 0.1125
1 0.7546875 0.5 0.059375 0.14140625
0 0.33359375 0.525 0.0671875 0.08359375
2 0.69765625 0.55 0.1734375 0.25
0 0.56171875 0.5875 0.0859375 0.12109375
0 0.8640625 0.64921875 0.1 0.11484375
0 0.6203125 0.79453125 0.13125 0.20625
0 0.22578125 0.81875 0.1234375 0.14609375