1 0.33828125 0.34921875 0.0484375 0.07265625
1 0.3859375 0.35625 0.046875 0.06640625
3 0.69296875 0.409375 0.1234375 0.12734375
0 0.534375 0.421875 0.059375 0.08984375
1 0.58984375 0.425 0.0828125 0.125
0 0.353125 0.43125 0.053125 0.06640625
0 0.81796875 0.50234375 0.0921875 0.09609375
0 0.51640625 0.51875 0.0828125 0.0875
1 0.70234375 0.5375 0.1359375 0.20390625
0 0.31640625 0.54375 0.0921875 0.125
0 0.55546875 0.61171875 0.0953125 0.12265625
0 0.96796875 0.65703125 0.0640625 0.16484375
3 0.084375 0.72421875 0.16875 0.43125
0 0.5859375 0.72890625 0.13125 0.18359375
3 0.83984375 0.75546875 0.3109375 0.48515625
0 0.6390625 0.9265625 0.146875 0.146875