0 0.34765625 0.353125 0.0265625 0.03984375
1 0.278125 0.35703125 0.053125 0.08125
0 0.36640625 0.396875 0.0328125 0.04375
0 0.49296875 0.40234375 0.0421875 0.04140625
1 0.56796875 0.409375 0.0578125 0.09765625
0 0.65625 0.41953125 0.04375 0.04765625
0 0.4890625 0.42578125 0.034375 0.04765625
0 0.50625 0.45859375 0.046875 0.0625
0 0.71015625 0.46328125 0.0546875 0.06875
0 0.603125 0.47421875 0.05 0.06484375
0 0.5234375 0.525 0.05625 0.07890625
1 0.85234375 0.58515625 0.2046875 0.22890625
0 0.55078125 0.64296875 0.0953125 0.13515625
0 0.2890625 0.64765625 0.1 0.125
0 0.76796875 0.740625 0.1296875 0.16875
0 0.63984375 0.890625 0.1359375 0.19765625