2 0.31875 0.36328125 0.075 0.08515625
0 0.36953125 0.40234375 0.0578125 0.05390625
3 0.7015625 0.44375 0.075 0.125
0 0.33828125 0.48359375 0.0609375 0.07890625
3 0.6171875 0.49453125 0.078125 0.10234375
3 0.509375 0.52890625 0.05625 0.08359375
3 0.67421875 0.53984375 0.0984375 0.17109375
0 0.53671875 0.584375 0.0828125 0.11015625
3 0.02578125 0.61875 0.0515625 0.22109375
3 0.121875 0.625 0.153125 0.225
3 0.7421875 0.63203125 0.09375 0.14765625
0 0.55859375 0.675 0.0953125 0.15
3 0.8515625 0.70234375 0.19375 0.325
1 0.271875 0.725 0.14375 0.18359375
3 0.9140625 0.8265625 0.171875 0.346875
0 0.7109375 0.83515625 0.140625 0.25859375
0 0.58046875 0.92265625 0.1203125 0.15390625