1 0.33984375 0.34296875 0.0390625 0.06484375
0 0.296875 0.35234375 0.028125 0.03359375
0 0.28515625 0.36328125 0.0296875 0.02734375
0 0.3734375 0.37109375 0.04375 0.05859375
0 0.49140625 0.38203125 0.0359375 0.04765625
1 0.29921875 0.38671875 0.0515625 0.06484375
1 0.22109375 0.421875 0.0515625 0.07265625
0 0.50078125 0.42578125 0.0453125 0.06015625
0 0.36484375 0.44296875 0.0484375 0.06484375
0 0.2796875 0.45859375 0.046875 0.05859375
3 0.63515625 0.47109375 0.1109375 0.20390625
0 0.1203125 0.53984375 0.078125 0.07890625
0 0.32265625 0.571875 0.0796875 0.08515625
0 0.5921875 0.66484375 0.103125 0.1375
3 0.08046875 0.73515625 0.1609375 0.3625
0 0.22734375 0.83046875 0.1265625 0.16484375