1 0.37578125 0.29296875 0.0328125 0.05234375
0 0.40234375 0.30546875 0.0203125 0.03125
3 0.35078125 0.31796875 0.0359375 0.06015625
3 0.51328125 0.32734375 0.0421875 0.0625
3 0.3015625 0.33203125 0.034375 0.06015625
0 0.39140625 0.3375 0.0234375 0.03359375
2 0.3453125 0.34609375 0.065625 0.09140625
1 0.26796875 0.36484375 0.0453125 0.06640625
0 0.3734375 0.37890625 0.034375 0.04609375
1 0.5578125 0.38515625 0.05625 0.10390625
0 0.484375 0.39296875 0.0375 0.05625
1 0.6453125 0.43203125 0.078125 0.10625
1 0.2625 0.459375 0.0625 0.07734375
0 0.34921875 0.465625 0.0484375 0.06875
0 0.19765625 0.59921875 0.1015625 0.11875
0 0.2578125 0.76484375 0.11875 0.1625
0 0.67578125 0.85859375 0.1484375 0.23359375
0 0.92109375 0.909375 0.1578125 0.18125