3 0.52109375 0.34140625 0.0453125 0.05859375
0 0.34765625 0.35078125 0.0296875 0.03515625
1 0.57578125 0.35703125 0.0421875 0.05234375
0 0.3796875 0.359375 0.03125 0.03515625
0 0.47578125 0.37421875 0.0328125 0.03984375
0 0.3703125 0.38359375 0.034375 0.04609375
1 0.24375 0.38671875 0.059375 0.08984375
3 0.3015625 0.39296875 0.06875 0.08515625
0 0.48984375 0.40234375 0.0359375 0.05
0 0.5140625 0.44296875 0.046875 0.05625
0 0.34296875 0.46640625 0.0546875 0.07109375
0 0.26328125 0.4875 0.0609375 0.07109375
0 0.54453125 0.53125 0.0703125 0.1125
0 0.278125 0.73125 0.109375 0.14609375
0 0.63203125 0.81015625 0.1390625 0.20859375