1 0.34921875 0.33515625 0.0390625 0.05
1 0.28515625 0.34453125 0.0359375 0.06484375
3 0.56015625 0.37578125 0.0703125 0.13125
0 0.61484375 0.39765625 0.0390625 0.05390625
2 0.67265625 0.41015625 0.0796875 0.11640625
0 0.48828125 0.41953125 0.0359375 0.05234375
0 0.51171875 0.48671875 0.0578125 0.07265625
0 0.3328125 0.49140625 0.05625 0.075
1 0.778125 0.51796875 0.128125 0.14765625
0 0.66171875 0.56953125 0.0703125 0.08515625
0 0.54609375 0.58125 0.0734375 0.09140625
0 0.6234375 0.87265625 0.140625 0.22109375