0 0.39921875 0.30703125 0.0203125 0.03125
0 0.4609375 0.31171875 0.034375 0.03984375
0 0.5109375 0.33984375 0.021875 0.04609375
1 0.290625 0.340625 0.03125 0.04765625
1 0.325 0.34453125 0.046875 0.06875
1 0.546875 0.3625 0.040625 0.07890625
0 0.48046875 0.38203125 0.0328125 0.04765625
0 0.36484375 0.39375 0.0296875 0.04140625
3 0.22734375 0.48359375 0.1171875 0.18359375
0 0.325 0.51015625 0.0625 0.075
1 0.11328125 0.63359375 0.1546875 0.24609375
0 0.5875 0.67578125 0.115625 0.21484375
0 0.7984375 0.76953125 0.171875 0.21484375
0 0.1359375 0.971875 0.178125 0.05625