3 0.50390625 0.31796875 0.0265625 0.07265625
3 0.33046875 0.32421875 0.0421875 0.03984375
0 0.46796875 0.33125 0.0203125 0.04609375
0 0.39609375 0.34296875 0.0203125 0.03515625
1 0.54140625 0.359375 0.0359375 0.07265625
3 0.61171875 0.365625 0.0578125 0.08984375
3 0.30859375 0.38125 0.0328125 0.075
0 0.38125 0.38203125 0.025 0.03984375
1 0.23984375 0.384375 0.0421875 0.04765625
0 0.49296875 0.41953125 0.0296875 0.05625
0 0.6703125 0.43125 0.034375 0.05859375
0 0.3625 0.43203125 0.03125 0.07265625
0 0.21484375 0.434375 0.0578125 0.07734375
0 0.58125 0.44609375 0.0375 0.06640625
0 0.51953125 0.50625 0.0421875 0.0875
0 0.09140625 0.57109375 0.0703125 0.09140625
1 0.94609375 0.57265625 0.1078125 0.15390625
1 0.68828125 0.58359375 0.1421875 0.25
0 0.03203125 0.665625 0.0609375 0.13125
0 0.275 0.71796875 0.121875 0.15234375
3 0.871875 0.75703125 0.246875 0.48515625