0 0.4 0.32109375 0.025 0.025
3 0.34453125 0.32890625 0.0390625 0.075
0 0.47421875 0.34453125 0.0265625 0.04375
3 0.534375 0.35390625 0.05 0.06640625
3 0.621875 0.375 0.071875 0.075
0 0.5 0.403125 0.028125 0.04765625
0 0.36875 0.42109375 0.053125 0.075
0 0.5078125 0.46484375 0.040625 0.0625
0 0.61875 0.48359375 0.0625 0.08359375
1 0.1 0.51328125 0.071875 0.11015625
0 0.31484375 0.55 0.0703125 0.125
3 0.8609375 0.56640625 0.234375 0.27109375
0 0.66640625 0.58125 0.0796875 0.1
0 0.60625 0.728125 0.1 0.14375
3 0.07109375 0.73828125 0.1390625 0.33515625
0 0.20390625 0.92109375 0.1078125 0.12890625