0 0.3609375 0.40234375 0.040625 0.05390625
1 0.628125 0.41015625 0.053125 0.07890625
0 0.55234375 0.41796875 0.0359375 0.04765625
1 0.15546875 0.43359375 0.1203125 0.13359375
0 0.5046875 0.440625 0.046875 0.06484375
1 0.58828125 0.453125 0.0609375 0.09375
0 0.2609375 0.459375 0.053125 0.07265625
0 0.52265625 0.53046875 0.0671875 0.09765625
1 0.10078125 0.63515625 0.2015625 0.35859375
0 0.7453125 0.66875 0.1125 0.15390625
0 0.28125 0.73125 0.10625 0.14140625
0 0.61015625 0.79296875 0.1234375 0.19765625