0 0.3734375 0.30390625 0.03125 0.02890625
1 0.3203125 0.31015625 0.046875 0.06640625
0 0.39921875 0.31171875 0.0421875 0.03125
0 0.39140625 0.35234375 0.0421875 0.05859375
3 0.54296875 0.37265625 0.0828125 0.1125
0 0.35859375 0.43359375 0.0609375 0.07109375
0 0.68203125 0.45234375 0.0515625 0.075
0 0.503125 0.46953125 0.05 0.07734375
1 0.621875 0.484375 0.090625 0.14375
0 0.734375 0.49921875 0.075 0.10234375
0 0.5375 0.55078125 0.071875 0.10625
0 0.6875 0.61640625 0.115625 0.15
0 0.946875 0.64296875 0.090625 0.12734375
0 0.57890625 0.67734375 0.1140625 0.16640625
3 0.96953125 0.73359375 0.0609375 0.27890625
0 0.63125 0.8953125 0.1625 0.209375