1 0.40234375 0.2625 0.0171875 0.03359375
0 0.36015625 0.28125 0.0171875 0.02890625
1 0.37734375 0.28984375 0.0171875 0.04140625
3 0.49453125 0.29375 0.0328125 0.075
1 0.40390625 0.29765625 0.0234375 0.04609375
1 0.53515625 0.29765625 0.0328125 0.03359375
1 0.32421875 0.30234375 0.0265625 0.05
0 0.46015625 0.31015625 0.0203125 0.025
3 0.57578125 0.31484375 0.0515625 0.075
1 0.353125 0.321875 0.034375 0.05625
0 0.46796875 0.32890625 0.0265625 0.03359375
0 0.39453125 0.33671875 0.0265625 0.03515625
1 0.52734375 0.353125 0.0453125 0.08984375
0 0.4734375 0.36875 0.025 0.03359375
1 0.59453125 0.37265625 0.0359375 0.05859375
0 0.4796875 0.38515625 0.025 0.02890625
1 0.55078125 0.38828125 0.0421875 0.08984375
1 0.63515625 0.39453125 0.0453125 0.08984375
1 0.24375 0.396875 0.071875 0.11875
0 0.48984375 0.40390625 0.0296875 0.03359375
0 0.5 0.42265625 0.0375 0.0375
0 0.56953125 0.42421875 0.0296875 0.06015625
1 0.6859375 0.42578125 0.078125 0.09375
0 0.58671875 0.44140625 0.0265625 0.0625
0 0.5078125 0.45703125 0.040625 0.04375
1 0.6109375 0.50390625 0.046875 0.1375
0 0.5140625 0.5125 0.059375 0.09609375
1 0.3234375 0.51796875 0.11875 0.21484375
1 0.21171875 0.521875 0.0796875 0.12265625
1 0.7828125 0.53203125 0.1 0.08984375
1 0.66484375 0.55 0.0953125 0.1875
3 0.9421875 0.60234375 0.115625 0.17890625
0 0.53203125 0.60546875 0.0765625 0.10234375
1 0.72890625 0.63515625 0.0390625 0.14609375
3 0.84609375 0.69765625 0.1921875 0.29609375
0 0.57734375 0.728125 0.0953125 0.13515625
3 0.92578125 0.84140625 0.1484375 0.3125
0 0.63125 0.9390625 0.134375 0.121875