0 0.33828125 0.2875 0.0265625 0.0375
0 0.49453125 0.31640625 0.0171875 0.01640625
2 0.296875 0.31875 0.034375 0.06640625
0 0.4625 0.31953125 0.015625 0.02265625
0 0.39296875 0.328125 0.0203125 0.03125
1 0.346875 0.33359375 0.0375 0.0625
0 0.51015625 0.34765625 0.0171875 0.05
0 0.46328125 0.35 0.0296875 0.03359375
3 0.54453125 0.35234375 0.0515625 0.0875
3 0.31875 0.36796875 0.04375 0.08984375
0 0.3828125 0.36875 0.01875 0.0375
0 0.48203125 0.37265625 0.0359375 0.04609375
0 0.2640625 0.38125 0.034375 0.05
3 0.58359375 0.41484375 0.0890625 0.15
0 0.20625 0.42421875 0.053125 0.03515625
0 0.36796875 0.425 0.0421875 0.04609375
0 0.5 0.45078125 0.0375 0.07265625
1 0.7 0.478125 0.075 0.13515625
0 0.3515625 0.490625 0.05 0.05625
0 0.1 0.51875 0.05 0.05859375
3 0.1921875 0.53828125 0.09375 0.17265625
3 0.0359375 0.6125 0.071875 0.20859375
0 0.30390625 0.640625 0.0703125 0.11015625
1 0.94609375 0.740625 0.1078125 0.23125
0 0.6359375 0.87109375 0.11875 0.15390625