3 0.3 0.32734375 0.05625 0.07109375
0 0.47421875 0.35 0.0359375 0.04140625
3 0.53125 0.35703125 0.04375 0.07734375
0 0.4890625 0.40390625 0.0375 0.05390625
0 0.64609375 0.44296875 0.0453125 0.06484375
0 0.51484375 0.45390625 0.0453125 0.05390625
0 0.50078125 0.475 0.0515625 0.0625
0 0.71015625 0.490625 0.0609375 0.07265625
0 0.61640625 0.49453125 0.0578125 0.07734375
0 0.52578125 0.50859375 0.0546875 0.06640625
0 0.54296875 0.559375 0.0796875 0.11015625
3 0.871875 0.60546875 0.228125 0.29375
0 0.70859375 0.63359375 0.1015625 0.1375
0 0.5640625 0.64375 0.090625 0.12109375
0 0.615625 0.79453125 0.125 0.16015625
1 0.87421875 0.825 0.2078125 0.29609375
0 0.17734375 0.903125 0.1703125 0.19375