1 0.35859375 0.27890625 0.0359375 0.05390625
1 0.340625 0.340625 0.04375 0.05625
0 0.39296875 0.36328125 0.0453125 0.04375
0 0.478125 0.38515625 0.0375 0.04140625
3 0.240625 0.39375 0.096875 0.15859375
1 0.31875 0.39609375 0.05 0.07890625
0 0.49296875 0.43125 0.0515625 0.05859375
0 0.37265625 0.43359375 0.0609375 0.05859375
3 0.62578125 0.45625 0.1328125 0.17890625
3 0.7484375 0.46953125 0.15625 0.19375
0 0.52890625 0.47890625 0.0796875 0.0625
0 0.35 0.48671875 0.06875 0.06484375
0 0.53671875 0.51015625 0.0828125 0.07890625
3 0.22265625 0.52421875 0.1390625 0.23984375
0 0.89140625 0.59140625 0.1046875 0.125
3 0.71328125 0.59296875 0.1953125 0.28515625
2 0.54140625 0.60703125 0.0921875 0.13984375
0 0.58984375 0.74609375 0.1359375 0.18359375
3 0.0515625 0.765625 0.096875 0.30625
3 0.86328125 0.77890625 0.2734375 0.43359375
0 0.65703125 0.909375 0.1828125 0.18125