0 0.33125 0.30703125 0.021875 0.03125
0 0.4015625 0.30859375 0.021875 0.02890625
0 0.36015625 0.31796875 0.0234375 0.03515625
0 0.509375 0.33125 0.01875 0.025
0 0.46875 0.334375 0.021875 0.02734375
1 0.53359375 0.346875 0.0171875 0.04765625
1 0.2515625 0.35546875 0.01875 0.00234375
0 0.38125 0.36328125 0.028125 0.03515625
0 0.32578125 0.365625 0.0328125 0.04765625
3 0.64375 0.39921875 0.0625 0.13515625
3 0.571875 0.4 0.075 0.13359375
1 0.30625 0.40625 0.053125 0.075
1 0.2578125 0.40703125 0.009375 0.00625
3 0.2296875 0.409375 0.06875 0.10625
0 0.3703125 0.41875 0.0375 0.05390625
0 0.69140625 0.41953125 0.0265625 0.05234375
3 0.7078125 0.43125 0.009375 0.00859375
3 0.70234375 0.4375 0.0140625 0.00390625
2 0.5125 0.44609375 0.096875 0.1625
1 0.26328125 0.453125 0.0703125 0.09765625
0 0.77421875 0.48359375 0.0453125 0.0625
0 0.72890625 0.52421875 0.0890625 0.11875
1 0.190625 0.56015625 0.1 0.17109375
0 0.31796875 0.56953125 0.0796875 0.09765625
0 0.059375 0.575 0.00625 0.01640625
0 0.0453125 0.625 0.090625 0.09609375
0 0.984375 0.65390625 0.03125 0.12890625
0 0.90625 0.659375 0.140625 0.21015625
1 0.8765625 0.715625 0.003125 0.01484375