1 0.27265625 0.35390625 0.0328125 0.05
3 0.609375 0.35625 0.065625 0.10859375
3 0.54453125 0.375 0.0578125 0.08359375
0 0.48984375 0.38203125 0.0390625 0.04765625
0 0.31796875 0.396875 0.0359375 0.05234375
0 0.49140625 0.41875 0.0390625 0.04140625
0 0.58359375 0.44921875 0.0421875 0.05234375
0 0.5046875 0.46953125 0.04375 0.07265625
0 0.765625 0.53359375 0.046875 0.075
3 0.69296875 0.54453125 0.1765625 0.30625
2 0.89453125 0.634375 0.2109375 0.31015625
0 0.565625 0.64921875 0.084375 0.11484375
0 0.12265625 0.67578125 0.1109375 0.12734375