1 0.54609375 0.37265625 0.0421875 0.07890625
0 0.4859375 0.39453125 0.034375 0.04375
3 0.6296875 0.40390625 0.084375 0.0875
0 0.5109375 0.409375 0.03125 0.03984375
0 0.73125 0.44765625 0.05625 0.06640625
2 0.50390625 0.45390625 0.0546875 0.10390625
1 0.23671875 0.47890625 0.0890625 0.1375
0 0.796875 0.496875 0.06875 0.07734375
1 0.64140625 0.52109375 0.0953125 0.15390625
0 0.1171875 0.52265625 0.08125 0.075
0 0.5375 0.546875 0.071875 0.10625
1 0.76640625 0.546875 0.1046875 0.13984375
1 0.925 0.68125 0.140625 0.18359375
0 0.746875 0.684375 0.1125 0.14765625
0 0.5953125 0.74296875 0.121875 0.18515625