1 0.33984375 0.3 0.0328125 0.05
3 0.37109375 0.30234375 0.0390625 0.06640625
0 0.4015625 0.31640625 0.021875 0.02890625
1 0.31328125 0.35546875 0.0515625 0.07265625
1 0.3609375 0.39296875 0.0625 0.12734375
1 0.64765625 0.40234375 0.0640625 0.1
1 0.2828125 0.42265625 0.05 0.06640625
1 0.70234375 0.45078125 0.0921875 0.15234375
1 0.621875 0.51328125 0.065625 0.15234375
1 0.5171875 0.53046875 0.071875 0.12734375
1 0.6671875 0.55078125 0.10625 0.21015625
3 0.95390625 0.62265625 0.0921875 0.13359375
1 0.73046875 0.64296875 0.0515625 0.15234375
0 0.5421875 0.64453125 0.096875 0.14765625
3 0.85859375 0.70390625 0.2390625 0.3375
0 0.59765625 0.79921875 0.1359375 0.21875
3 0.9265625 0.84453125 0.146875 0.31015625
0 0.653125 0.94140625 0.19375 0.11640625