0 0.47421875 0.33984375 0.0328125 0.025
0 0.38984375 0.36484375 0.0265625 0.04609375
0 0.27734375 0.371875 0.0265625 0.02734375
3 0.56484375 0.37265625 0.0671875 0.0875
0 0.484375 0.38125 0.040625 0.05390625
0 0.2234375 0.4 0.03125 0.02109375
0 0.3625 0.425 0.040625 0.05
1 0.2765625 0.43671875 0.05 0.05625
0 0.74375 0.46640625 0.034375 0.07890625
3 0.23046875 0.48828125 0.0890625 0.15625
1 0.65234375 0.503125 0.1171875 0.19375
0 0.3375 0.51015625 0.078125 0.10390625
0 0.1234375 0.51953125 0.0875 0.08125
3 0.82890625 0.54609375 0.1609375 0.23359375
0 0.24453125 0.55 0.0015625 0.01640625
0 0.05234375 0.59765625 0.1046875 0.09140625
0 0.28515625 0.678125 0.1171875 0.16015625
1 0.07578125 0.78984375 0.1484375 0.26640625
0 0.18359375 0.9125 0.2234375 0.175