0 0.39296875 0.32109375 0.0234375 0.025
3 0.58203125 0.328125 0.0546875 0.07265625
1 0.34140625 0.33203125 0.0453125 0.07265625
3 0.5296875 0.33984375 0.05 0.09609375
2 0.4796875 0.34375 0.053125 0.08359375
0 0.38671875 0.35234375 0.0296875 0.02890625
1 0.29140625 0.36328125 0.0421875 0.06015625
0 0.378125 0.37734375 0.034375 0.0375
0 0.640625 0.40234375 0.0375 0.075
0 0.49453125 0.421875 0.0484375 0.05625
0 0.27265625 0.43828125 0.0453125 0.05625
3 0.6 0.44296875 0.096875 0.17734375
0 0.36015625 0.45546875 0.0515625 0.06875
3 0.71875 0.4625 0.121875 0.17109375
0 0.2453125 0.48125 0.0625 0.1125
1 0.1390625 0.49375 0.09375 0.12109375
1 0.90859375 0.61171875 0.1828125 0.19375
0 0.56953125 0.64453125 0.0859375 0.13515625
0 0.2828125 0.646875 0.1 0.11484375
0 0.78203125 0.721875 0.1296875 0.18515625
3 0.896875 0.8171875 0.20625 0.365625