0 0.390625 0.33828125 0.03125 0.03515625
1 0.34765625 0.34375 0.0390625 0.05
1 0.27109375 0.35546875 0.0453125 0.06484375
3 0.55703125 0.37421875 0.0640625 0.12734375
0 0.6078125 0.39765625 0.04375 0.05390625
2 0.66796875 0.40625 0.0796875 0.11640625
0 0.48828125 0.415625 0.0359375 0.05234375
0 0.51015625 0.47578125 0.0578125 0.06484375
1 0.7671875 0.509375 0.128125 0.14765625
0 0.64921875 0.534375 0.0703125 0.08515625
0 0.3125 0.55546875 0.071875 0.08984375
0 0.53671875 0.55625 0.0640625 0.0875
0 0.6046875 0.81484375 0.11875 0.1875