3 0.53359375 0.35078125 0.0515625 0.08984375
1 0.2515625 0.37578125 0.05625 0.07265625
1 0.60859375 0.38828125 0.0453125 0.05625
0 0.484375 0.39140625 0.03125 0.04609375
0 0.56328125 0.42109375 0.0453125 0.05390625
0 0.63984375 0.43203125 0.0484375 0.05625
0 0.5046875 0.44765625 0.05 0.0625
1 0.7 0.4625 0.075 0.10859375
0 0.328125 0.484375 0.059375 0.07265625
0 0.6265625 0.51015625 0.06875 0.0875
0 0.521875 0.515625 0.059375 0.07734375
3 0.87265625 0.58359375 0.2546875 0.35859375
0 0.5921875 0.66953125 0.1125 0.16015625
3 0.83125 0.7890625 0.290625 0.421875