0 0.3515625 0.33515625 0.03125 0.0375
0 0.390625 0.34609375 0.03125 0.03359375
0 0.571875 0.353125 0.034375 0.03984375
0 0.52890625 0.36796875 0.0296875 0.03984375
0 0.35390625 0.375 0.0328125 0.0375
0 0.59140625 0.37890625 0.0390625 0.04140625
0 0.628125 0.38984375 0.04375 0.05859375
0 0.5546875 0.40546875 0.034375 0.04765625
0 0.490625 0.40546875 0.0375 0.04375
3 0.70546875 0.43984375 0.1203125 0.2
0 0.5109375 0.45078125 0.053125 0.07734375
3 0.60859375 0.46328125 0.0953125 0.14375
0 0.53359375 0.55703125 0.0734375 0.10234375
0 0.8640625 0.665625 0.115625 0.11875
0 0.57890625 0.71875 0.1046875 0.16640625
0 0.76953125 0.73984375 0.1234375 0.13359375