1 0.61328125 0.38828125 0.0453125 0.08984375
0 0.48984375 0.40234375 0.0359375 0.05
0 0.5640625 0.42421875 0.05 0.05625
3 0.690625 0.43515625 0.115625 0.16640625
1 0.584375 0.45 0.05 0.08359375
0 0.5078125 0.46953125 0.05 0.06015625
1 0.1203125 0.48359375 0.096875 0.125
1 0.6546875 0.53203125 0.0875 0.14765625
0 0.53828125 0.553125 0.0734375 0.10625
3 0.90859375 0.61953125 0.1828125 0.22734375
0 0.29375 0.6375 0.0875 0.09609375
3 0.09921875 0.71796875 0.1984375 0.36015625
0 0.63984375 0.81796875 0.1296875 0.19765625