1 0.31796875 0.31875 0.0328125 0.0625
1 0.34765625 0.328125 0.0328125 0.04765625
1 0.33203125 0.34609375 0.0328125 0.05
0 0.3828125 0.37265625 0.03125 0.0375
1 0.63125 0.39375 0.05625 0.09609375
1 0.67578125 0.41640625 0.0796875 0.10390625
0 0.590625 0.43671875 0.0375 0.03515625
3 0.7578125 0.50078125 0.10625 0.10234375
1 0.5125 0.503125 0.05625 0.10625
1 0.63671875 0.50859375 0.0953125 0.125
1 0.0875 0.53984375 0.13125 0.1625
1 0.6765625 0.56171875 0.103125 0.21875
0 0.52421875 0.59296875 0.0796875 0.11015625
1 0.74296875 0.6375 0.0609375 0.14609375
0 0.57421875 0.66875 0.0984375 0.1375
3 0.8484375 0.70703125 0.2 0.33984375
3 0.92890625 0.834375 0.1421875 0.33125
0 0.62734375 0.91015625 0.1421875 0.17890625