0 0.3140625 0.32421875 0.0375 0.04765625
3 0.59765625 0.34375 0.0515625 0.1
3 0.540625 0.35703125 0.059375 0.11015625
2 0.48671875 0.365625 0.0546875 0.09765625
0 0.38671875 0.36796875 0.0328125 0.04765625
0 0.64453125 0.37578125 0.0359375 0.03515625
0 0.2546875 0.38203125 0.040625 0.07265625
0 0.309375 0.38828125 0.040625 0.08125
0 0.36484375 0.41640625 0.0453125 0.04609375
0 0.51484375 0.4875 0.0546875 0.09609375
3 0.66171875 0.528125 0.1515625 0.23984375
3 0.81953125 0.546875 0.1671875 0.23984375
3 0.065625 0.79140625 0.128125 0.2375
0 0.26171875 0.79375 0.1265625 0.14609375