1 0.328125 0.33203125 0.040625 0.06484375
0 0.3890625 0.353125 0.034375 0.04375
3 0.259375 0.36796875 0.059375 0.09765625
3 0.28984375 0.40546875 0.0765625 0.09765625
0 0.36796875 0.4125 0.0421875 0.05390625
3 0.80078125 0.49453125 0.1359375 0.11015625
1 0.61953125 0.50703125 0.0796875 0.12265625
1 0.67421875 0.55703125 0.1140625 0.20234375
0 0.521875 0.56796875 0.06875 0.09765625
1 0.13671875 0.57109375 0.1265625 0.2125
0 0.30625 0.584375 0.08125 0.11015625
3 0.96328125 0.59921875 0.0734375 0.15625
0 0.55703125 0.63359375 0.0890625 0.12890625
1 0.74375 0.6375 0.065625 0.17109375
3 0.84140625 0.70625 0.1828125 0.3375
0 0.565625 0.73359375 0.115625 0.1625
1 0.03828125 0.75 0.0765625 0.24609375
3 0.92734375 0.84140625 0.1453125 0.31640625
0 0.73671875 0.88671875 0.1640625 0.21875