0 0.59609375 0.375 0.0390625 0.05
0 0.478125 0.38125 0.034375 0.04140625
0 0.5484375 0.396875 0.040625 0.04765625
1 0.21328125 0.41015625 0.0609375 0.07890625
0 0.62421875 0.41328125 0.0390625 0.05234375
0 0.4953125 0.41875 0.040625 0.04609375
1 0.68046875 0.44296875 0.0671875 0.10234375
0 0.509375 0.46640625 0.046875 0.0625
0 0.6 0.471875 0.05625 0.07265625
3 0.80390625 0.52265625 0.1953125 0.2875
0 0.55859375 0.59140625 0.0859375 0.12109375
3 0.7234375 0.62890625 0.184375 0.25390625
0 0.96171875 0.63828125 0.0765625 0.12265625
0 0.2484375 0.70703125 0.115625 0.13984375
0 0.63828125 0.83046875 0.1359375 0.20234375