2 0.3828125 0.2875 0.03125 0.05859375
1 0.32421875 0.334375 0.0421875 0.05625
0 0.38671875 0.346875 0.0265625 0.03984375
1 0.596875 0.35703125 0.053125 0.08984375
3 0.2609375 0.371875 0.065625 0.08984375
1 0.63828125 0.396875 0.0703125 0.10625
3 0.29765625 0.403125 0.0734375 0.09765625
0 0.36484375 0.403125 0.0453125 0.06875
0 0.6828125 0.40703125 0.05 0.06484375
1 0.6921875 0.47265625 0.065625 0.07109375
1 0.62578125 0.5125 0.0671875 0.1375
3 0.80859375 0.5125 0.1453125 0.13359375
1 0.1578125 0.55 0.10625 0.17109375
1 0.66640625 0.55078125 0.1015625 0.16875
0 0.31328125 0.55703125 0.0734375 0.09765625
0 0.51953125 0.57421875 0.0671875 0.09375
0 0.54765625 0.621875 0.0828125 0.10625
3 0.96015625 0.62890625 0.0796875 0.19140625
1 0.74609375 0.63515625 0.0703125 0.15
3 0.85546875 0.70546875 0.2171875 0.31015625
1 0.0578125 0.70703125 0.115625 0.24375
0 0.56875 0.72421875 0.10625 0.15234375
3 0.92109375 0.85 0.1578125 0.3
0 0.72421875 0.8796875 0.1609375 0.240625