3 0.3453125 0.33515625 0.05 0.075
1 0.3046875 0.3375 0.034375 0.05859375
0 0.39375 0.3375 0.025 0.02890625
0 0.378125 0.35859375 0.03125 0.0375
3 0.6375 0.378125 0.078125 0.12265625
1 0.553125 0.3875 0.046875 0.0875
2 0.3578125 0.38984375 0.046875 0.0625
0 0.57109375 0.42421875 0.0328125 0.05234375
0 0.5953125 0.44765625 0.04375 0.06640625
1 0.68984375 0.45 0.0765625 0.125
0 0.3515625 0.45546875 0.053125 0.07734375
0 0.50234375 0.4625 0.0390625 0.0625
0 0.5171875 0.49453125 0.059375 0.08125
1 0.62265625 0.509375 0.0671875 0.13515625
0 0.53046875 0.534375 0.0640625 0.08515625
1 0.81796875 0.5375 0.1234375 0.17109375
1 0.66796875 0.54921875 0.1078125 0.20234375
3 0.06640625 0.55546875 0.1328125 0.24375
0 0.55859375 0.57734375 0.0703125 0.10390625
1 0.5359375 0.62265625 0.08125 0.15859375
1 0.76484375 0.65078125 0.0984375 0.16015625
3 0.86328125 0.734375 0.2296875 0.38984375
0 0.5734375 0.74140625 0.1 0.175
0 0.61328125 0.86171875 0.1359375 0.20625
0 0.2015625 0.86328125 0.146875 0.20234375
0 0.64296875 0.95078125 0.1515625 0.09765625