3 0.4609375 0.29921875 0.034375 0.05625
1 0.35078125 0.3 0.0203125 0.02890625
0 0.3921875 0.32578125 0.01875 0.02734375
1 0.54140625 0.32578125 0.0234375 0.03125
0 0.50234375 0.32890625 0.0203125 0.02890625
0 0.46875 0.33203125 0.025 0.02734375
1 0.57265625 0.34375 0.0328125 0.05
0 0.51484375 0.35 0.0203125 0.02890625
0 0.4765625 0.35546875 0.025 0.02734375
0 0.61015625 0.359375 0.0296875 0.03984375
0 0.38046875 0.3625 0.0296875 0.0375
3 0.30625 0.36796875 0.0625 0.09375
0 0.53359375 0.37109375 0.0234375 0.04140625
0 0.484375 0.38046875 0.03125 0.03984375
0 0.6 0.38515625 0.034375 0.03359375
0 0.5515625 0.39375 0.0375 0.05
0 0.3625 0.41640625 0.040625 0.04140625
0 0.646875 0.434375 0.0375 0.05625
0 0.70703125 0.43671875 0.0484375 0.05625
1 0.60390625 0.465625 0.0671875 0.11484375
0 0.34921875 0.47109375 0.0453125 0.06640625
3 0.2171875 0.47578125 0.128125 0.18984375
0 0.69609375 0.48515625 0.0546875 0.0625
0 0.50859375 0.49296875 0.0546875 0.07265625
3 0.7328125 0.665625 0.23125 0.26015625
0 0.97265625 0.71640625 0.0546875 0.11640625
0 0.22265625 0.903125 0.1671875 0.18984375
0 0.66640625 0.91328125 0.1609375 0.17265625