0 0.3765625 0.365625 0.028125 0.03984375
0 0.4828125 0.39453125 0.03125 0.04375
1 0.5703125 0.39921875 0.05 0.08515625
0 0.65234375 0.44140625 0.0515625 0.0625
0 0.51953125 0.46015625 0.0453125 0.07109375
0 0.3328125 0.47734375 0.05 0.05859375
1 0.090625 0.48203125 0.15625 0.19765625
0 0.54296875 0.565625 0.0671875 0.09375
0 0.79453125 0.575 0.0859375 0.09609375
0 0.68515625 0.59609375 0.0828125 0.1125
0 0.7765625 0.728125 0.125 0.17265625
0 0.25234375 0.75078125 0.1171875 0.15234375
0 0.6140625 0.78828125 0.11875 0.19375