3 0.61640625 0.34296875 0.0671875 0.07265625
0 0.47734375 0.35859375 0.0453125 0.05859375
1 0.26796875 0.359375 0.0578125 0.08515625
0 0.53046875 0.36171875 0.0359375 0.05234375
0 0.3828125 0.36796875 0.04375 0.03515625
0 0.38203125 0.41953125 0.0390625 0.03984375
0 0.49375 0.42421875 0.040625 0.05234375
1 0.671875 0.428125 0.084375 0.13515625
3 0.59375 0.43984375 0.078125 0.12109375
0 0.2859375 0.45 0.065625 0.07890625
0 0.53125 0.5 0.059375 0.10859375
1 0.23125 0.50234375 0.0875 0.125
3 0.06328125 0.546875 0.1265625 0.19375
0 0.321875 0.56796875 0.090625 0.12734375
0 0.89921875 0.58203125 0.1078125 0.13125
0 0.1203125 0.68125 0.121875 0.18359375
0 0.2125 0.9140625 0.171875 0.171875
0 0.6765625 0.92890625 0.178125 0.1375