0 0.33203125 0.36796875 0.0296875 0.03515625
3 0.55546875 0.37265625 0.0671875 0.125
2 0.49296875 0.38203125 0.0609375 0.11484375
1 0.60859375 0.38828125 0.0359375 0.06875
3 0.21796875 0.390625 0.1015625 0.12734375
0 0.37109375 0.39296875 0.0296875 0.03984375
1 0.64296875 0.415625 0.0484375 0.08984375
0 0.30390625 0.41875 0.0421875 0.05859375
0 0.36171875 0.44765625 0.0453125 0.06640625
0 0.515625 0.45625 0.05 0.07890625
3 0.20234375 0.51171875 0.1296875 0.18125
0 0.31015625 0.55859375 0.0765625 0.1
0 0.81875 0.60390625 0.090625 0.1
0 0.65 0.63203125 0.0875 0.13515625
1 0.86015625 0.77578125 0.2203125 0.39375
0 0.22109375 0.79609375 0.1265625 0.14609375
0 0.6515625 0.8859375 0.153125 0.228125