1 0.51796875 0.33046875 0.0328125 0.06484375
0 0.46875 0.33203125 0.025 0.03125
3 0.3375 0.33984375 0.05 0.075
1 0.2921875 0.340625 0.05 0.05234375
1 0.5625 0.34296875 0.0375 0.06484375
0 0.38125 0.36875 0.03125 0.04140625
3 0.24375 0.38125 0.071875 0.09140625
0 0.35390625 0.42109375 0.0453125 0.0625
0 0.5671875 0.42578125 0.04375 0.06015625
2 0.27734375 0.42734375 0.0953125 0.13359375
0 0.515625 0.44140625 0.04375 0.07109375
1 0.171875 0.44609375 0.071875 0.10390625
0 0.3125 0.553125 0.078125 0.09765625