0 0.36328125 0.409375 0.0421875 0.04765625
0 0.509375 0.415625 0.040625 0.05234375
0 0.640625 0.41875 0.046875 0.0625
0 0.56640625 0.41953125 0.0421875 0.05625
0 0.72578125 0.440625 0.0546875 0.05625
1 0.6140625 0.47578125 0.06875 0.12265625
0 0.51015625 0.47734375 0.0515625 0.07890625
0 0.69140625 0.48515625 0.0515625 0.07109375
1 0.78515625 0.53671875 0.1078125 0.17734375
0 0.54765625 0.56640625 0.0765625 0.10390625
0 0.7234375 0.65 0.10625 0.1375
3 0.9359375 0.68984375 0.128125 0.375
1 0.8921875 0.865625 0.215625 0.26875