2 0.36484375 0.30390625 0.0296875 0.05390625
0 0.4 0.31796875 0.025 0.03125
0 0.38984375 0.353125 0.0265625 0.03125
3 0.30859375 0.38828125 0.0609375 0.08984375
1 0.378125 0.39140625 0.04375 0.05390625
3 0.19453125 0.43203125 0.0953125 0.13125
0 0.275 0.45859375 0.05625 0.075
0 0.35546875 0.46875 0.0453125 0.0625
3 0.74375 0.49296875 0.103125 0.15625
0 0.81484375 0.503125 0.0484375 0.06875
3 0.6671875 0.54921875 0.090625 0.20234375
0 0.51796875 0.56171875 0.0734375 0.10625
3 0.91953125 0.578125 0.1609375 0.19765625
0 0.55078125 0.60859375 0.0703125 0.09609375
1 0.7453125 0.62890625 0.059375 0.1375
0 0.5640625 0.71171875 0.109375 0.16875
3 0.09609375 0.76875 0.1796875 0.45859375
3 0.87265625 0.76953125 0.2546875 0.46015625
0 0.734375 0.8671875 0.140625 0.265625
0 0.22265625 0.88828125 0.2453125 0.18125
0 0.59921875 0.9328125 0.1234375 0.134375