0 0.33046875 0.36171875 0.0390625 0.03515625
3 0.26171875 0.3625 0.0609375 0.09609375
0 0.49765625 0.46015625 0.0453125 0.075
3 0.6296875 0.46171875 0.10625 0.19375
0 0.2609375 0.48359375 0.05625 0.07109375
1 0.746875 0.49296875 0.1 0.16484375
0 0.525 0.52421875 0.059375 0.07265625
0 0.5328125 0.584375 0.071875 0.09765625
0 0.56328125 0.64765625 0.0796875 0.13359375
1 0.05 0.72265625 0.1 0.25859375
0 0.5984375 0.76328125 0.115625 0.17734375
3 0.86953125 0.78828125 0.2609375 0.42265625
0 0.6484375 0.92265625 0.15625 0.15390625