0 0.390625 0.334375 0.028125 0.03515625
1 0.2921875 0.353125 0.0375 0.05625
1 0.5390625 0.37265625 0.04375 0.07109375
0 0.48203125 0.3875 0.0328125 0.04140625
0 0.5546875 0.41015625 0.0375 0.05390625
0 0.49296875 0.42578125 0.0421875 0.06015625
1 0.65390625 0.42578125 0.0484375 0.07734375
3 0.6078125 0.45078125 0.103125 0.15625
1 0.71015625 0.48671875 0.0828125 0.08515625
0 0.51640625 0.50234375 0.0578125 0.075
0 0.8078125 0.59140625 0.090625 0.10390625
0 0.7046875 0.6375 0.09375 0.125
0 0.61640625 0.75078125 0.1078125 0.16484375