0 0.4046875 0.29609375 0.021875 0.0375
1 0.34609375 0.3 0.0296875 0.04140625
0 0.375 0.30390625 0.025 0.0375
0 0.3921875 0.31484375 0.025 0.03359375
0 0.34296875 0.34921875 0.0671875 0.05625
1 0.315625 0.39453125 0.084375 0.10625
3 0.6890625 0.41953125 0.11875 0.14765625
0 0.49140625 0.42578125 0.0515625 0.05625
3 0.60390625 0.42734375 0.1328125 0.1875
3 0.1359375 0.48046875 0.1875 0.18984375
0 0.35 0.49765625 0.090625 0.10859375
0 0.525 0.50078125 0.084375 0.08515625
0 0.81484375 0.51796875 0.0890625 0.08515625
3 0.671875 0.528125 0.159375 0.21875
0 0.54921875 0.57109375 0.1234375 0.10859375
1 0.20625 0.58359375 0.146875 0.1875
0 0.5796875 0.69609375 0.153125 0.14609375
3 0.84296875 0.7609375 0.3140625 0.478125
0 0.24375 0.79765625 0.175 0.22890625
0 0.62578125 0.853125 0.2390625 0.22265625
0 0.6859375 0.9515625 0.190625 0.096875