3 0.3421875 0.334375 0.0375 0.06015625
0 0.46875 0.33984375 0.028125 0.03359375
0 0.30078125 0.34140625 0.0296875 0.04609375
0 0.52734375 0.34765625 0.0296875 0.02890625
3 0.60625 0.35625 0.0625 0.1
0 0.48515625 0.37578125 0.0328125 0.04375
0 0.5328125 0.37578125 0.03125 0.04765625
0 0.37109375 0.38359375 0.0421875 0.05
0 0.26328125 0.38671875 0.0390625 0.04765625
3 0.671875 0.41796875 0.090625 0.12734375
0 0.3578125 0.428125 0.0375 0.04765625
0 0.503125 0.44609375 0.04375 0.05859375
0 0.58125 0.45 0.05 0.07109375
0 0.3390625 0.49296875 0.05625 0.07265625
0 0.5328125 0.51953125 0.065625 0.09375
0 0.56328125 0.64453125 0.0859375 0.13515625
3 0.1 0.65234375 0.2 0.375
3 0.84921875 0.75390625 0.3015625 0.49140625