2 0.61875 0.38671875 0.071875 0.10625
1 0.57265625 0.40859375 0.0640625 0.1125
0 0.4953125 0.41640625 0.040625 0.05
0 0.346875 0.45 0.053125 0.0625
2 0.7125 0.46640625 0.128125 0.18359375
0 0.51015625 0.47578125 0.0546875 0.07734375
0 0.61875 0.5 0.0625 0.08359375
0 0.53984375 0.55625 0.0703125 0.10390625
0 0.86953125 0.55859375 0.0953125 0.10390625
0 0.66484375 0.565625 0.0796875 0.10234375
1 0.7796875 0.678125 0.140625 0.24765625
0 0.6109375 0.68515625 0.109375 0.1625
1 0.1296875 0.75 0.13125 0.14140625