0 0.396875 0.32578125 0.028125 0.05625
3 0.3203125 0.365625 0.065625 0.09765625
0 0.53515625 0.39921875 0.0328125 0.05625
3 0.23203125 0.4 0.0796875 0.1
0 0.48671875 0.4125 0.0390625 0.05390625
3 0.66796875 0.42890625 0.0671875 0.075
1 0.61015625 0.45234375 0.0546875 0.1
3 0.76171875 0.46171875 0.1671875 0.16875
0 0.48984375 0.46328125 0.0484375 0.07265625
0 0.2640625 0.475 0.059375 0.08359375
0 0.5125 0.52109375 0.05625 0.10390625
0 0.60546875 0.56328125 0.0859375 0.13125
1 0.71015625 0.58125 0.0765625 0.1125
0 0.534375 0.61015625 0.075 0.14140625
3 0.7953125 0.628125 0.171875 0.25234375
0 0.58359375 0.76875 0.0984375 0.22109375
3 0.884375 0.80078125 0.23125 0.39765625
0 0.65546875 0.921875 0.1859375 0.15625