0 0.384375 0.346875 0.028125 0.03515625
1 0.534375 0.36171875 0.040625 0.06484375
1 0.27890625 0.36640625 0.0453125 0.0625
0 0.48046875 0.37734375 0.0328125 0.04140625
0 0.54375 0.40234375 0.025 0.0375
1 0.6421875 0.41640625 0.04375 0.06640625
0 0.48984375 0.41953125 0.0390625 0.06015625
3 0.59765625 0.43359375 0.0859375 0.1375
1 0.6984375 0.465625 0.075 0.08515625
0 0.51171875 0.48125 0.0546875 0.06640625
0 0.7828125 0.571875 0.078125 0.09765625
0 0.67734375 0.59296875 0.0859375 0.10234375
0 0.59921875 0.69765625 0.0953125 0.14609375
1 0.93828125 0.7 0.1234375 0.2375