1 0.53515625 0.37421875 0.0484375 0.06875
1 0.23359375 0.38359375 0.0546875 0.075
1 0.6453125 0.41171875 0.0625 0.10234375
0 0.4984375 0.41953125 0.04375 0.06484375
0 0.35703125 0.43828125 0.0515625 0.06015625
0 0.57578125 0.44453125 0.0453125 0.05625
3 0.7375 0.46171875 0.134375 0.18515625
3 0.23828125 0.47109375 0.1140625 0.15390625
1 0.6125 0.48671875 0.071875 0.11484375
0 0.51875 0.51171875 0.05625 0.08515625
1 0.7265625 0.63046875 0.128125 0.21875
0 0.57421875 0.65390625 0.0953125 0.14609375