1 0.29296875 0.33984375 0.0328125 0.05
3 0.6171875 0.36484375 0.065625 0.10859375
0 0.47578125 0.36796875 0.0296875 0.03125
0 0.33046875 0.37578125 0.0359375 0.05234375
3 0.55078125 0.38359375 0.0578125 0.08359375
0 0.49140625 0.38671875 0.0390625 0.04765625
0 0.49453125 0.425 0.0390625 0.04140625
0 0.59765625 0.46875 0.0484375 0.05859375
0 0.51171875 0.48671875 0.0515625 0.07265625
0 0.21328125 0.54609375 0.0703125 0.0875
0 0.79765625 0.565625 0.0515625 0.08984375
3 0.7375 0.59140625 0.221875 0.37109375
2 0.9109375 0.68984375 0.178125 0.36640625
0 0.578125 0.69765625 0.090625 0.125
0 0.24140625 0.84375 0.1265625 0.1625