0 0.38046875 0.35703125 0.0296875 0.03515625
0 0.50625 0.37578125 0.025 0.03125
0 0.55078125 0.38671875 0.0265625 0.04375
0 0.48671875 0.39609375 0.0203125 0.025
0 0.528125 0.40546875 0.021875 0.03515625
0 0.55234375 0.43984375 0.0296875 0.05
0 0.49375 0.446875 0.040625 0.06015625
0 0.56875 0.47109375 0.0375 0.05390625
0 0.65 0.478125 0.028125 0.05234375
1 0.61953125 0.49453125 0.0765625 0.13984375
0 0.53828125 0.57109375 0.0734375 0.1
0 0.73125 0.69765625 0.1125 0.15390625
0 0.9390625 0.79765625 0.121875 0.15390625