0 0.38671875 0.35390625 0.0359375 0.0625
0 0.51640625 0.37734375 0.0234375 0.03359375
0 0.484375 0.390625 0.025 0.02734375
0 0.553125 0.390625 0.03125 0.04375
0 0.52421875 0.40859375 0.0296875 0.0375
1 0.60859375 0.428125 0.0421875 0.07734375
0 0.50546875 0.44375 0.0421875 0.05
0 0.5578125 0.45078125 0.046875 0.05234375
0 0.61015625 0.51484375 0.0640625 0.0875
0 0.534375 0.54375 0.084375 0.11640625
0 0.640625 0.57734375 0.084375 0.125
1 0.86796875 0.67578125 0.0234375 0.10625
1 0.77578125 0.7125 0.1796875 0.3625