0 0.4796875 0.38203125 0.01875 0.03515625
0 0.41953125 0.38984375 0.0203125 0.05
0 0.49765625 0.40625 0.0265625 0.02890625
0 0.3484375 0.41484375 0.034375 0.04140625
0 0.49921875 0.446875 0.0453125 0.05625
0 0.39375 0.459375 0.0375 0.04765625
0 0.60234375 0.50703125 0.0828125 0.08125
3 0.19375 0.52109375 0.06875 0.0875
1 0.2796875 0.53671875 0.071875 0.13125
0 0.36875 0.54453125 0.053125 0.07265625
0 0.853125 0.734375 0.1375 0.12734375
0 0.86875 0.89140625 0.16875 0.17109375
0 0.65390625 0.90859375 0.1421875 0.14140625