0 0.41640625 0.3375 0.0171875 0.02109375
0 0.38515625 0.35546875 0.0390625 0.04375
0 0.50703125 0.36640625 0.0296875 0.02890625
0 0.53125 0.37109375 0.03125 0.0375
0 0.47578125 0.37578125 0.0234375 0.02734375
1 0.56953125 0.396875 0.0390625 0.05234375
0 0.49296875 0.41640625 0.0328125 0.04609375
0 0.53828125 0.41875 0.0421875 0.04140625
0 0.56484375 0.45546875 0.0453125 0.06015625
0 0.50546875 0.47109375 0.0515625 0.05859375
0 0.584375 0.503125 0.046875 0.06875
0 0.70703125 0.52109375 0.0296875 0.08359375
1 0.653125 0.55234375 0.090625 0.19140625
0 0.57578125 0.69140625 0.0921875 0.17109375
0 0.8625 0.8734375 0.228125 0.253125