0 0.3875 0.36015625 0.03125 0.025
0 0.475 0.3625 0.01875 0.0375
0 0.47734375 0.3875 0.0265625 0.025
0 0.53828125 0.421875 0.0296875 0.03984375
0 0.36484375 0.42734375 0.0515625 0.0625
0 0.3984375 0.45546875 0.071875 0.06484375
0 0.57109375 0.475 0.0328125 0.03359375
0 0.3015625 0.49375 0.090625 0.07109375
0 0.53203125 0.54609375 0.0484375 0.04609375
0 0.61015625 0.54609375 0.0359375 0.04609375
0 0.33828125 0.63515625 0.1015625 0.1
3 0.04765625 0.71171875 0.0953125 0.16875
0 0.64375 0.76328125 0.003125 0.00234375
0 0.6640625 0.809375 0.046875 0.06484375
0 0.95859375 0.95390625 0.0828125 0.09140625