0 0.41328125 0.39765625 0.0328125 0.04140625
0 0.49765625 0.403125 0.0265625 0.03515625
0 0.49296875 0.43671875 0.0421875 0.06484375
0 0.34453125 0.43828125 0.0265625 0.03984375
0 0.38671875 0.48515625 0.0359375 0.04140625
0 0.584375 0.48984375 0.05 0.09140625
3 0.15859375 0.55078125 0.0609375 0.11484375
1 0.234375 0.5875 0.109375 0.14609375
0 0.35078125 0.59765625 0.0609375 0.08359375
0 0.7609375 0.64140625 0.10625 0.09609375
0 0.75703125 0.753125 0.1390625 0.18515625
0 0.6125 0.79296875 0.115625 0.18984375