1 0.3375 0.43515625 0.05625 0.0625
2 0.509375 0.43515625 0.059375 0.09140625
0 0.38828125 0.471875 0.0390625 0.04375
1 0.2484375 0.48359375 0.053125 0.0875
2 0.3 0.4875 0.078125 0.125
0 0.38359375 0.50234375 0.0421875 0.04140625
0 0.5234375 0.509375 0.046875 0.07265625
1 0.18828125 0.52265625 0.0859375 0.07890625
0 0.3703125 0.54453125 0.05 0.06015625
3 0.74765625 0.54921875 0.1421875 0.17265625
0 0.34921875 0.60078125 0.0640625 0.06484375
1 0.06484375 0.63203125 0.1265625 0.16875
3 0.17578125 0.65625 0.1953125 0.24609375
0 0.33203125 0.65625 0.0859375 0.1125
0 0.6015625 0.74921875 0.1 0.16875
2 0.8875 0.8125 0.225 0.375
2 0.28984375 0.83203125 0.1171875 0.18125