0 0.50078125 0.365625 0.0234375 0.04375
0 0.4765625 0.384375 0.025 0.02734375
0 0.54765625 0.39453125 0.0234375 0.02734375
0 0.36640625 0.39765625 0.0328125 0.04140625
0 0.4015625 0.41875 0.028125 0.02890625
1 0.3515625 0.42421875 0.046875 0.06015625
0 0.50546875 0.42734375 0.0328125 0.05
3 0.29140625 0.4375 0.0546875 0.07890625
0 0.403125 0.44765625 0.03125 0.0375
3 0.228125 0.465625 0.103125 0.09765625
0 0.39296875 0.47109375 0.0390625 0.04609375
0 0.33515625 0.471875 0.0421875 0.04765625
0 0.37890625 0.48515625 0.0359375 0.04609375
0 0.3109375 0.50234375 0.046875 0.05
0 0.37734375 0.51171875 0.0453125 0.05625
0 0.51953125 0.51171875 0.0421875 0.08125
0 0.37265625 0.55234375 0.0515625 0.07109375
0 0.28515625 0.553125 0.0484375 0.07265625
0 0.35234375 0.60703125 0.0640625 0.07734375
1 0.1828125 0.61875 0.175 0.25390625
1 0.0546875 0.65625 0.109375 0.23359375
0 0.3265625 0.67265625 0.08125 0.11640625
0 0.28359375 0.78046875 0.1171875 0.14765625