1 0.28046875 0.4375 0.0640625 0.09609375
0 0.39140625 0.44140625 0.0265625 0.0375
0 0.246875 0.446875 0.0375 0.03984375
0 0.50625 0.45546875 0.03125 0.05234375
0 0.34140625 0.46015625 0.0328125 0.04140625
0 0.228125 0.48125 0.0375 0.04609375
0 0.64296875 0.490625 0.0453125 0.05234375
1 0.30390625 0.49921875 0.0765625 0.11015625
0 0.390625 0.49921875 0.040625 0.04765625
0 0.15 0.53046875 0.0625 0.05234375
0 0.6125 0.540625 0.05625 0.06875
0 0.5359375 0.55546875 0.05 0.08125
0 0.359375 0.5625 0.053125 0.07890625
0 0.15234375 0.57734375 0.0671875 0.08359375
0 0.22265625 0.62109375 0.0765625 0.09609375
1 0.05625 0.703125 0.109375 0.18984375
0 0.2328125 0.73046875 0.125 0.12265625
0 0.59375 0.74609375 0.1 0.18359375
1 0.8078125 0.79140625 0.178125 0.27890625