3 0.5609375 0.39296875 0.0375 0.06015625
0 0.51796875 0.42265625 0.0265625 0.04140625
1 0.33359375 0.44453125 0.0640625 0.10625
0 0.49921875 0.44453125 0.0296875 0.05234375
0 0.40390625 0.45234375 0.0265625 0.0375
1 0.27265625 0.45703125 0.0453125 0.07265625
0 0.390625 0.48125 0.034375 0.04609375
0 0.53671875 0.51484375 0.0453125 0.06640625
3 0.2234375 0.57734375 0.159375 0.23359375
0 0.34921875 0.59609375 0.0734375 0.1
1 0.07109375 0.66015625 0.1421875 0.175
0 0.31328125 0.690625 0.0890625 0.11484375
0 0.615625 0.79609375 0.115625 0.1875
1 0.878125 0.86875 0.24375 0.2625
0 0.26328125 0.91328125 0.1328125 0.17265625