3 0.3140625 0.40859375 0.053125 0.06640625
1 0.265625 0.43125 0.05 0.05390625
0 0.34609375 0.45546875 0.0421875 0.04375
0 0.3859375 0.47109375 0.04375 0.04140625
1 0.25234375 0.52734375 0.1359375 0.16640625
0 0.375 0.540625 0.05625 0.07265625
0 0.35390625 0.59765625 0.0609375 0.075
3 0.1578125 0.65390625 0.221875 0.31640625
0 0.33203125 0.6625 0.0921875 0.11640625
0 0.2984375 0.75703125 0.08125 0.13984375
0 0.640625 0.86640625 0.140625 0.17109375
1 0.0546875 0.88203125 0.109375 0.23515625
0 0.259375 0.90703125 0.11875 0.16875