3 0.36953125 0.396875 0.0390625 0.05625
1 0.31015625 0.41328125 0.0390625 0.06484375
1 0.34921875 0.43359375 0.0453125 0.06640625
3 0.25078125 0.44609375 0.0734375 0.1125
0 0.3984375 0.46171875 0.028125 0.03984375
1 0.58828125 0.478125 0.0640625 0.10625
0 0.39453125 0.49296875 0.0421875 0.05234375
3 0.16875 0.553125 0.171875 0.21484375
0 0.35859375 0.5625 0.0515625 0.05390625
3 0.22421875 0.58984375 0.1234375 0.21640625
0 0.3421875 0.61328125 0.071875 0.08125
2 0.325 0.71640625 0.090625 0.12109375
0 0.29296875 0.83515625 0.1140625 0.14609375