1 0.340625 0.37734375 0.034375 0.05
0 0.52109375 0.4 0.0203125 0.03359375
1 0.31875 0.40390625 0.053125 0.07890625
0 0.4234375 0.40546875 0.021875 0.02734375
0 0.40546875 0.41015625 0.0234375 0.02890625
0 0.49140625 0.41015625 0.0265625 0.03359375
1 0.35703125 0.41875 0.0421875 0.05859375
0 0.28203125 0.42421875 0.0359375 0.03515625
0 0.396875 0.428125 0.03125 0.03515625
0 0.40390625 0.44375 0.0328125 0.02890625
0 0.2375 0.459375 0.034375 0.03984375
1 0.33359375 0.46328125 0.0578125 0.08515625
0 0.39765625 0.46953125 0.0390625 0.04765625
0 0.25390625 0.48046875 0.0390625 0.05234375
0 0.3765625 0.50859375 0.053125 0.0625
1 0.21015625 0.52109375 0.0828125 0.10390625
0 0.2890625 0.52109375 0.053125 0.07109375
0 0.15546875 0.525 0.0609375 0.07109375
0 0.57265625 0.61640625 0.0671875 0.1
0 0.22890625 0.64140625 0.0859375 0.1
0 0.33515625 0.64765625 0.0796875 0.10390625
0 0.08203125 0.69921875 0.1015625 0.11484375