1 0.528125 0.390625 0.034375 0.06484375
1 0.3359375 0.39375 0.034375 0.05859375
1 0.36875 0.40390625 0.0375 0.05390625
3 0.2921875 0.415625 0.0625 0.09375
0 0.48671875 0.41953125 0.0265625 0.03125
0 0.409375 0.42578125 0.028125 0.03984375
1 0.6078125 0.45 0.04375 0.05
0 0.4015625 0.46015625 0.0375 0.04140625
3 0.23359375 0.48203125 0.0921875 0.13984375
3 0.29921875 0.48515625 0.0890625 0.1375
0 0.375 0.5125 0.046875 0.05390625
0 0.35703125 0.58046875 0.0640625 0.08125
1 0.12578125 0.615625 0.1109375 0.13984375
0 0.2328125 0.63203125 0.084375 0.09375
2 0.33671875 0.678125 0.0796875 0.11484375
0 0.30078125 0.82109375 0.1140625 0.14609375