3 0.30546875 0.41171875 0.0484375 0.07734375
1 0.33828125 0.44140625 0.0421875 0.05859375
0 0.403125 0.45078125 0.028125 0.04375
2 0.56796875 0.45625 0.0703125 0.10859375
3 0.253125 0.459375 0.078125 0.11875
0 0.61484375 0.4625 0.0421875 0.04609375
0 0.38203125 0.48046875 0.0359375 0.04765625
0 0.32421875 0.48125 0.0359375 0.04609375
1 0.690625 0.52265625 0.0625 0.07890625
1 0.26875 0.55078125 0.090625 0.13984375
0 0.10703125 0.56796875 0.0734375 0.07265625
0 0.16796875 0.58046875 0.0609375 0.06484375
0 0.36328125 0.58984375 0.0640625 0.07890625
0 0.5546875 0.603125 0.065625 0.09765625
0 0.66640625 0.6125 0.0796875 0.1125
1 0.81484375 0.63984375 0.1109375 0.1125
0 0.29140625 0.77109375 0.1046875 0.14140625
0 0.1078125 0.80546875 0.134375 0.17734375
0 0.8609375 0.91875 0.165625 0.1625