0 0.48125 0.3875 0.021875 0.03359375
0 0.38515625 0.39140625 0.0203125 0.0375
0 0.40859375 0.41015625 0.0296875 0.03359375
0 0.4921875 0.41015625 0.028125 0.04609375
1 0.35625 0.41171875 0.05 0.08515625
0 0.409375 0.42734375 0.03125 0.0375
3 0.6109375 0.43203125 0.059375 0.08515625
0 0.39921875 0.44140625 0.0328125 0.04140625
3 0.3109375 0.46640625 0.084375 0.14140625
0 0.525 0.47578125 0.05 0.06484375
0 0.38828125 0.49140625 0.0515625 0.0625
1 0.19609375 0.51875 0.1046875 0.12109375
0 0.36875 0.534375 0.06875 0.08515625
1 0.2296875 0.57109375 0.115625 0.16640625
1 0.09609375 0.61015625 0.1296875 0.1875
0 0.3296875 0.66171875 0.08125 0.13515625
1 0.71484375 0.678125 0.1046875 0.16484375
3 0.9765625 0.79453125 0.046875 0.30625
2 0.0484375 0.8796875 0.096875 0.240625
0 0.28671875 0.88359375 0.1421875 0.1875
0 0.728125 0.96640625 0.14375 0.05859375