0 0.490625 0.42265625 0.03125 0.03359375
1 0.584375 0.425 0.040625 0.06640625
0 0.35625 0.42734375 0.03125 0.04140625
0 0.40390625 0.43671875 0.0328125 0.03515625
0 0.54765625 0.43671875 0.0359375 0.03984375
1 0.2984375 0.440625 0.040625 0.04765625
0 0.3390625 0.45703125 0.0375 0.03984375
0 0.4015625 0.471875 0.0375 0.04375
0 0.503125 0.48046875 0.034375 0.04765625
0 0.3203125 0.49296875 0.0375 0.04375
0 0.23828125 0.49609375 0.0484375 0.05
0 0.64296875 0.5 0.0546875 0.0625
0 0.38046875 0.51328125 0.0453125 0.04765625
0 0.303125 0.525 0.053125 0.06640625
0 0.53984375 0.54765625 0.0546875 0.07890625
0 0.37421875 0.56171875 0.0484375 0.06015625
3 0.125 0.56484375 0.14375 0.19140625
1 0.63984375 0.56796875 0.0734375 0.10234375
1 0.25078125 0.56953125 0.1015625 0.13125
0 0.38203125 0.60703125 0.0640625 0.08984375
1 0.1953125 0.640625 0.11875 0.15625
3 0.03984375 0.671875 0.0796875 0.18984375
0 0.309375 0.68984375 0.096875 0.10390625
0 0.28984375 0.809375 0.1046875 0.13125
3 0.096875 0.82578125 0.19375 0.34765625
0 0.228125 0.940625 0.153125 0.11875