1 0.346875 0.37109375 0.03125 0.04609375
1 0.3296875 0.396875 0.04375 0.06875
0 0.4234375 0.40546875 0.021875 0.02734375
0 0.40390625 0.41015625 0.0234375 0.02890625
1 0.3625 0.4125 0.0375 0.05
0 0.29140625 0.41640625 0.0328125 0.0375
0 0.396875 0.43203125 0.03125 0.03515625
1 0.56484375 0.43203125 0.0546875 0.09375
1 0.34140625 0.45 0.0484375 0.07890625
0 0.39921875 0.45234375 0.0359375 0.04609375
1 0.26484375 0.46640625 0.0609375 0.0875
0 0.390625 0.475 0.040625 0.04609375
0 0.3078125 0.50234375 0.046875 0.06640625
0 0.60859375 0.51875 0.0546875 0.06640625
0 0.3640625 0.534375 0.053125 0.06875
0 0.1984375 0.55390625 0.059375 0.07109375
0 0.26953125 0.57734375 0.0609375 0.07890625
0 0.6296875 0.596875 0.084375 0.11015625
0 0.59609375 0.67421875 0.0953125 0.14375
0 0.14765625 0.76328125 0.1171875 0.15625
0 0.2109375 0.9265625 0.18125 0.146875