2 0.334375 0.44453125 0.0625 0.09765625
1 0.28046875 0.446875 0.0515625 0.07265625
0 0.5609375 0.45078125 0.034375 0.05625
0 0.503125 0.45859375 0.03125 0.05390625
1 0.2484375 0.471875 0.059375 0.07265625
0 0.38828125 0.471875 0.0390625 0.04375
0 0.38359375 0.50234375 0.0421875 0.04140625
1 0.18203125 0.528125 0.0828125 0.11484375
3 0.26796875 0.528125 0.1078125 0.13515625
0 0.3734375 0.540625 0.05 0.06015625
1 0.75078125 0.56953125 0.1046875 0.13125
0 0.35234375 0.58671875 0.0640625 0.06484375
0 0.33125 0.64765625 0.075 0.1
0 0.58203125 0.66875 0.0953125 0.14140625
3 0.7484375 0.68515625 0.221875 0.33359375
1 0.1609375 0.69296875 0.146875 0.20234375
2 0.3234375 0.72578125 0.09375 0.13125
0 0.27890625 0.88984375 0.1328125 0.17109375