3 0.5578125 0.43125 0.05625 0.10390625
1 0.6109375 0.440625 0.053125 0.09375
0 0.2890625 0.44140625 0.028125 0.04140625
0 0.3421875 0.45625 0.03125 0.04140625
0 0.503125 0.45625 0.03125 0.04140625
3 0.24375 0.48125 0.078125 0.12109375
0 0.32265625 0.48671875 0.0421875 0.05625
0 0.5296875 0.50703125 0.046875 0.07265625
0 0.37421875 0.51328125 0.0453125 0.06484375
0 0.2921875 0.53671875 0.05 0.06015625
3 0.14375 0.553125 0.159375 0.17734375
0 0.36875 0.57890625 0.05625 0.07890625
0 0.25859375 0.59140625 0.0671875 0.09140625
0 0.328125 0.66796875 0.078125 0.09375
0 0.58125 0.66796875 0.078125 0.12265625
0 0.26328125 0.890625 0.1546875 0.19375