3 0.265625 0.459375 0.071875 0.09375
0 0.32890625 0.478125 0.0359375 0.04765625
3 0.6046875 0.49296875 0.09375 0.16484375
0 0.37890625 0.51015625 0.0453125 0.0625
3 0.17265625 0.52421875 0.1296875 0.14765625
0 0.2984375 0.52421875 0.04375 0.05234375
1 0.7421875 0.56015625 0.103125 0.15859375
0 0.37265625 0.5625 0.0515625 0.07109375
0 0.26640625 0.57890625 0.0609375 0.08359375
0 0.55625 0.6 0.059375 0.08359375
0 0.3359375 0.63984375 0.06875 0.07890625
1 0.11015625 0.7625 0.2203125 0.37890625
0 0.29609375 0.78359375 0.1171875 0.1625
0 0.709375 0.80234375 0.125 0.1875