1 0.340625 0.42265625 0.059375 0.09140625
1 0.546875 0.42734375 0.0375 0.075
3 0.6203125 0.44140625 0.06875 0.09609375
0 0.51015625 0.465625 0.0421875 0.06484375
3 0.26875 0.515625 0.115625 0.19375
0 0.36953125 0.54296875 0.0578125 0.07734375
1 0.125 0.5875 0.10625 0.125
0 0.33984375 0.61015625 0.0765625 0.0875
0 0.6125 0.65390625 0.09375 0.12109375
1 0.12109375 0.71328125 0.1921875 0.26875
1 0.02265625 0.721875 0.0390625 0.15234375
0 0.2859375 0.85078125 0.11875 0.17265625
0 0.6484375 0.88203125 0.146875 0.23515625