0 0.33125 0.38515625 0.03125 0.03359375
0 0.55546875 0.396875 0.0296875 0.03984375
0 0.37265625 0.41171875 0.0296875 0.03984375
0 0.52890625 0.41875 0.0296875 0.04609375
0 0.4109375 0.425 0.028125 0.03359375
0 0.496875 0.43671875 0.0375 0.04765625
0 0.40078125 0.4375 0.0328125 0.04140625
0 0.353125 0.44609375 0.025 0.05
1 0.33125 0.4625 0.059375 0.0875
1 0.2390625 0.46875 0.0875 0.11640625
0 0.4046875 0.47109375 0.046875 0.0625
0 0.61875 0.49765625 0.046875 0.05390625
0 0.525 0.50625 0.046875 0.0625
1 0.2859375 0.52265625 0.08125 0.12109375
0 0.3578125 0.55 0.071875 0.0875
1 0.12890625 0.57265625 0.1703125 0.20390625
0 0.34921875 0.615625 0.0765625 0.09375
0 0.0234375 0.65625 0.046875 0.05859375
0 0.7328125 0.69375 0.109375 0.17109375
0 0.86171875 0.73046875 0.1234375 0.12734375
0 0.0328125 0.74296875 0.065625 0.12265625
1 0.1125 0.77578125 0.225 0.30625
0 0.27890625 0.81171875 0.1109375 0.13984375