1 0.33046875 0.40390625 0.0296875 0.05
0 0.40625 0.421875 0.028125 0.02734375
1 0.296875 0.43984375 0.040625 0.05859375
1 0.625 0.44375 0.05625 0.08359375
0 0.3453125 0.45078125 0.03125 0.04375
0 0.39765625 0.465625 0.0296875 0.04765625
0 0.3203125 0.471875 0.034375 0.03515625
0 0.390625 0.50546875 0.0375 0.04765625
0 0.3203125 0.509375 0.04375 0.05625
1 0.20078125 0.515625 0.0765625 0.10625
1 0.2515625 0.575 0.09375 0.13359375
0 0.3703125 0.578125 0.0625 0.07265625
1 0.109375 0.590625 0.090625 0.12734375
0 0.27578125 0.9125 0.1328125 0.175