1 0.359375 0.40546875 0.04375 0.06484375
0 0.40078125 0.44296875 0.0296875 0.03125
3 0.32578125 0.45234375 0.0671875 0.1125
0 0.5046875 0.46015625 0.034375 0.05
0 0.39296875 0.48046875 0.0421875 0.05625
1 0.225 0.50546875 0.071875 0.09765625
0 0.3796875 0.51171875 0.046875 0.05625
1 0.26796875 0.53359375 0.0890625 0.1125
3 0.72578125 0.5375 0.1078125 0.1375
0 0.5375 0.54609375 0.046875 0.08359375
1 0.1515625 0.57109375 0.090625 0.10390625
0 0.35234375 0.60546875 0.0578125 0.08125
0 0.31953125 0.73828125 0.0890625 0.12734375