1 0.30234375 0.42109375 0.0453125 0.06640625
2 0.35234375 0.42421875 0.0578125 0.07734375
0 0.5125 0.44921875 0.028125 0.03984375
0 0.38828125 0.471875 0.0390625 0.04375
3 0.3015625 0.48359375 0.08125 0.11640625
1 0.2328125 0.49296875 0.06875 0.10234375
0 0.38359375 0.50234375 0.0421875 0.04140625
0 0.3734375 0.540625 0.05 0.06015625
0 0.54375 0.57734375 0.0625 0.09140625
1 0.24296875 0.58125 0.0984375 0.13359375
0 0.35234375 0.58671875 0.0640625 0.06484375
3 0.0890625 0.61015625 0.171875 0.24609375
0 0.6984375 0.64296875 0.084375 0.13125
0 0.33125 0.64765625 0.075 0.1
0 0.32890625 0.71796875 0.0859375 0.12734375
0 0.290625 0.83984375 0.1125 0.15
0 0.6546875 0.903125 0.146875 0.19375