0 0.4890625 0.41171875 0.025 0.03125
3 0.31015625 0.4125 0.0578125 0.0875
0 0.41328125 0.41484375 0.0265625 0.0375
0 0.5046875 0.43203125 0.025 0.03125
1 0.33125 0.44140625 0.06875 0.09609375
0 0.40859375 0.44375 0.0296875 0.03359375
3 0.26640625 0.45078125 0.0796875 0.11875
1 0.58203125 0.46015625 0.0609375 0.11640625
0 0.51015625 0.47421875 0.0359375 0.05234375
0 0.3875 0.4875 0.034375 0.04609375
0 0.29453125 0.52890625 0.0546875 0.05859375
0 0.3671875 0.54140625 0.05 0.05859375
1 0.196875 0.54765625 0.078125 0.10390625
0 0.5453125 0.58359375 0.053125 0.075
0 0.09375 0.5875 0.071875 0.07109375
2 0.35390625 0.621875 0.0671875 0.08984375
1 0.06171875 0.67578125 0.1234375 0.14765625
1 0.8125 0.68203125 0.134375 0.14375
0 0.3171875 0.75390625 0.096875 0.12890625
0 0.12578125 0.80859375 0.1265625 0.12890625