0 0.41640625 0.42734375 0.0390625 0.05
1 0.590625 0.42734375 0.040625 0.04609375
0 0.55546875 0.43359375 0.0359375 0.04140625
1 0.34375 0.440625 0.046875 0.07734375
0 0.49921875 0.440625 0.0421875 0.04375
1 0.26484375 0.446875 0.0828125 0.10625
0 0.559375 0.4625 0.0375 0.04609375
0 0.3890625 0.47109375 0.065625 0.05
1 0.321875 0.47578125 0.05625 0.08125
1 0.18828125 0.50625 0.1546875 0.14140625
0 0.61484375 0.52421875 0.0703125 0.08125
0 0.38125 0.52578125 0.05625 0.06484375
0 0.12734375 0.54609375 0.0515625 0.07109375
0 0.5390625 0.55703125 0.065625 0.09765625
0 0.77734375 0.60703125 0.0984375 0.12265625
0 0.14609375 0.60859375 0.0828125 0.1
0 0.3375 0.61640625 0.078125 0.1125
1 0.17734375 0.66796875 0.1578125 0.24375
0 0.72265625 0.69296875 0.1015625 0.16484375
0 0.0296875 0.69453125 0.05625 0.14375
0 0.053125 0.884375 0.10625 0.16484375
0 0.26875 0.93515625 0.18125 0.12890625
0 0.7046875 0.9734375 0.11875 0.053125