1 0.271875 0.45234375 0.053125 0.08359375
1 0.31875 0.47578125 0.05625 0.09765625
0 0.39140625 0.49296875 0.0390625 0.06015625
1 0.61796875 0.51953125 0.1109375 0.15234375
1 0.71484375 0.52421875 0.0828125 0.11875
3 0.15 0.55 0.1375 0.18359375
0 0.375 0.55078125 0.059375 0.08125
0 0.28515625 0.578125 0.0578125 0.06875
0 0.54921875 0.609375 0.0734375 0.11484375
0 0.83828125 0.68515625 0.1078125 0.13359375
0 0.325 0.72109375 0.10625 0.12890625
3 0.09140625 0.8265625 0.1828125 0.346875
0 0.2390625 0.9515625 0.159375 0.096875