3 0.3609375 0.40390625 0.046875 0.06640625
1 0.30078125 0.41953125 0.0390625 0.06484375
1 0.553125 0.43203125 0.046875 0.07265625
1 0.34140625 0.44140625 0.0453125 0.06640625
3 0.2421875 0.45546875 0.08125 0.11875
0 0.3984375 0.46171875 0.028125 0.03984375
0 0.38828125 0.49921875 0.0421875 0.05234375
0 0.35859375 0.5625 0.0515625 0.05390625
3 0.1421875 0.571875 0.1875 0.23984375
0 0.3359375 0.62421875 0.0625 0.07734375
3 0.19140625 0.63515625 0.1453125 0.2375
2 0.325 0.71640625 0.090625 0.12109375
0 0.29296875 0.83515625 0.1140625 0.14609375