3 0.35390625 0.42109375 0.0515625 0.08359375
3 0.3 0.42109375 0.0625 0.0875
0 0.3984375 0.45390625 0.034375 0.0375
1 0.63046875 0.46953125 0.0515625 0.07265625
0 0.3328125 0.47734375 0.040625 0.04609375
0 0.2140625 0.48203125 0.03125 0.04765625
1 0.25078125 0.490625 0.0546875 0.08125
0 0.3859375 0.49375 0.040625 0.05
1 0.1765625 0.56640625 0.0875 0.10859375
0 0.36796875 0.57109375 0.0578125 0.07890625
0 0.5515625 0.61484375 0.06875 0.09609375
0 0.23671875 0.61640625 0.0796875 0.0875
0 0.34296875 0.67265625 0.0734375 0.1
0 0.11953125 0.79609375 0.1140625 0.12109375
1 0.8921875 0.82578125 0.215625 0.34765625
0 0.67109375 0.9015625 0.1359375 0.196875
0 0.259375 0.9171875 0.14375 0.165625