0 0.3 0.41875 0.025 0.03359375
0 0.58359375 0.42578125 0.0296875 0.04375
0 0.54609375 0.428125 0.0296875 0.04765625
0 0.35625 0.43828125 0.03125 0.03515625
0 0.40390625 0.44375 0.0296875 0.0375
0 0.503125 0.46328125 0.0375 0.04765625
0 0.334375 0.46953125 0.034375 0.05234375
0 0.5703125 0.478125 0.0375 0.04765625
0 0.390625 0.48828125 0.040625 0.05234375
1 0.20859375 0.49609375 0.0921875 0.13359375
1 0.30078125 0.496875 0.0640625 0.10234375
0 0.396875 0.51875 0.046875 0.0625
1 0.22109375 0.60546875 0.1046875 0.15234375
0 0.3328125 0.62265625 0.075 0.09140625
0 0.77421875 0.62578125 0.0859375 0.11015625
1 0.07265625 0.63125 0.1453125 0.22890625
0 0.5859375 0.65 0.0875 0.11640625
0 0.31484375 0.73125 0.0890625 0.10390625
1 0.09296875 0.8265625 0.1859375 0.346875
0 0.2390625 0.928125 0.14375 0.14375