1 0.33359375 0.40546875 0.0328125 0.03984375
0 0.48359375 0.40859375 0.0265625 0.0375
0 0.3671875 0.41796875 0.028125 0.03984375
0 0.534375 0.421875 0.028125 0.03515625
0 0.4125 0.42265625 0.025 0.03359375
0 0.2875 0.440625 0.03125 0.03984375
0 0.3453125 0.45390625 0.034375 0.04140625
0 0.39609375 0.46796875 0.0359375 0.04375
0 0.5140625 0.47421875 0.04375 0.05625
0 0.6390625 0.484375 0.05 0.06015625
0 0.325 0.48828125 0.0375 0.05625
1 0.1921875 0.51171875 0.096875 0.14375
0 0.38046875 0.51328125 0.0421875 0.05625
1 0.28359375 0.515625 0.0703125 0.10625
0 0.39375 0.54765625 0.05 0.075
1 0.2015625 0.63359375 0.115625 0.16640625
0 0.5765625 0.640625 0.08125 0.12265625
1 0.05859375 0.64375 0.1171875 0.21640625
0 0.3234375 0.64609375 0.078125 0.09609375
0 0.725 0.68515625 0.1 0.10859375
0 0.896875 0.721875 0.121875 0.13125
0 0.29609375 0.78984375 0.1015625 0.12890625
1 0.09296875 0.82890625 0.1859375 0.34140625
0 0.22890625 0.93828125 0.1546875 0.12265625