1 0.33984375 0.39140625 0.0296875 0.05
1 0.53125 0.39609375 0.0375 0.0625
1 0.375 0.4 0.0375 0.05390625
3 0.2921875 0.415625 0.0625 0.09375
0 0.409375 0.42578125 0.028125 0.03984375
0 0.48984375 0.42578125 0.0265625 0.03515625
1 0.61640625 0.459375 0.0484375 0.04765625
0 0.4015625 0.46015625 0.0375 0.04140625
3 0.30703125 0.47578125 0.0765625 0.12734375
3 0.23359375 0.48203125 0.0921875 0.13984375
0 0.375 0.5125 0.046875 0.05390625
0 0.35703125 0.58046875 0.0640625 0.08125
1 0.13359375 0.609375 0.1046875 0.13515625
0 0.240625 0.61875 0.078125 0.08359375
2 0.33671875 0.678125 0.0796875 0.11484375
0 0.30078125 0.8125 0.1109375 0.14609375