0 0.37890625 0.39765625 0.0265625 0.03359375
0 0.41484375 0.40234375 0.0234375 0.02890625
1 0.31171875 0.409375 0.0390625 0.04765625
1 0.36171875 0.421875 0.0390625 0.05625
0 0.48828125 0.428125 0.0296875 0.03984375
3 0.5484375 0.42890625 0.0625 0.09609375
0 0.40703125 0.440625 0.0328125 0.03515625
1 0.2671875 0.453125 0.04375 0.06484375
1 0.321875 0.46640625 0.053125 0.08359375
0 0.63515625 0.47734375 0.0390625 0.05
1 0.234375 0.48046875 0.059375 0.09765625
0 0.52265625 0.49453125 0.0484375 0.05625
0 0.38046875 0.52890625 0.0453125 0.05390625
1 0.27578125 0.54375 0.0703125 0.1125
0 0.35390625 0.61953125 0.0671875 0.08515625
3 0.0734375 0.634375 0.146875 0.23125
0 0.21796875 0.70078125 0.0921875 0.08984375
0 0.59375 0.715625 0.09375 0.14765625
0 0.28046875 0.884375 0.1359375 0.16484375