1 0.34921875 0.41875 0.0578125 0.08359375
0 0.39609375 0.44921875 0.0296875 0.03125
1 0.5640625 0.45546875 0.0375 0.05625
3 0.29375 0.490625 0.09375 0.15625
0 0.52109375 0.496875 0.0421875 0.05625
0 0.378125 0.521875 0.053125 0.07734375
3 0.71875 0.52890625 0.11875 0.17109375
1 0.625 0.53828125 0.075 0.13125
1 0.16640625 0.55390625 0.1078125 0.10390625
0 0.35703125 0.56875 0.0546875 0.07109375
1 0.178125 0.6375 0.14375 0.20859375
1 0.05 0.68828125 0.1 0.17734375
0 0.61015625 0.71484375 0.0953125 0.15390625
0 0.3109375 0.75546875 0.1 0.12734375