1 0.328125 0.4 0.034375 0.05859375
1 0.3625 0.4125 0.0375 0.05390625
3 0.28046875 0.425 0.0703125 0.1
0 0.40625 0.43828125 0.028125 0.03984375
0 0.396875 0.475 0.0375 0.04140625
3 0.2015625 0.50859375 0.115625 0.17109375
3 0.27109375 0.52421875 0.0921875 0.16484375
0 0.36796875 0.5375 0.0515625 0.05390625
0 0.1046875 0.57109375 0.065625 0.0625
0 0.34921875 0.59453125 0.0640625 0.08125
1 0.06328125 0.690625 0.1265625 0.17265625
2 0.3296875 0.70625 0.0875 0.125
0 0.1375 0.79375 0.125 0.13359375
0 0.29453125 0.83515625 0.1140625 0.14609375
1 0.8828125 0.85 0.234375 0.29609375