3 0.3375 0.42421875 0.065625 0.10234375
0 0.40078125 0.43828125 0.0296875 0.03125
0 0.39609375 0.46171875 0.0359375 0.03515625
0 0.5078125 0.46640625 0.040625 0.05
1 0.26484375 0.47578125 0.0546875 0.07734375
0 0.3875 0.478125 0.034375 0.04765625
1 0.30546875 0.48515625 0.0640625 0.08359375
1 0.2140625 0.50703125 0.0625 0.06484375
0 0.37890625 0.52734375 0.0421875 0.05390625
1 0.1453125 0.56796875 0.1 0.11015625
0 0.35390625 0.60390625 0.0640625 0.07890625
2 0.19921875 0.625 0.1734375 0.22890625
0 0.309375 0.73125 0.0875 0.12109375