0 0.31171875 0.434375 0.0296875 0.03984375
0 0.3484375 0.44296875 0.03125 0.04375
0 0.3953125 0.453125 0.0375 0.03984375
1 0.5578125 0.453125 0.040625 0.05234375
1 0.2765625 0.46171875 0.046875 0.05234375
0 0.32890625 0.47109375 0.0390625 0.04140625
0 0.39765625 0.48671875 0.0421875 0.03984375
0 0.315625 0.503125 0.04375 0.04765625
0 0.2109375 0.52265625 0.040625 0.04609375
0 0.37734375 0.53046875 0.0484375 0.05625
0 0.3046875 0.53125 0.040625 0.06640625
1 0.246875 0.56640625 0.084375 0.12109375
0 0.371875 0.57109375 0.046875 0.05390625
1 0.0953125 0.57734375 0.153125 0.17109375
0 0.38203125 0.6125 0.0671875 0.0875
1 0.19609375 0.640625 0.1171875 0.16015625
1 0.03515625 0.68359375 0.0703125 0.1875
0 0.3109375 0.69296875 0.09375 0.10625
1 0.75859375 0.70859375 0.1296875 0.22890625
0 0.29140625 0.80859375 0.1046875 0.125
1 0.09140625 0.82890625 0.1828125 0.34140625