3 0.4859375 0.33984375 0.015625 0.02890625
0 0.46484375 0.346875 0.0109375 0.01484375
0 0.509375 0.38203125 0.01875 0.02265625
3 0.3390625 0.38671875 0.034375 0.05625
0 0.4 0.40703125 0.025 0.01875
1 0.36484375 0.409375 0.0296875 0.04375
0 0.3984375 0.42890625 0.028125 0.02890625
1 0.29453125 0.44140625 0.0484375 0.06640625
1 0.34375 0.44375 0.04375 0.07109375
0 0.4 0.45625 0.03125 0.03359375
0 0.3921875 0.47109375 0.034375 0.04140625
0 0.2109375 0.48515625 0.04375 0.0375
0 0.3171875 0.4875 0.040625 0.05390625
0 0.2515625 0.49609375 0.040625 0.05
0 0.37734375 0.503125 0.0421875 0.05625
0 0.2828125 0.54609375 0.05 0.0625
0 0.2375 0.615625 0.075 0.08515625
3 0.0609375 0.67265625 0.121875 0.25390625
0 0.31796875 0.684375 0.0859375 0.12734375
1 0.7984375 0.71796875 0.159375 0.28125
0 0.11171875 0.83671875 0.1328125 0.14375