0 0.31328125 0.4 0.0203125 0.03359375
0 0.4921875 0.40234375 0.025 0.02890625
0 0.4 0.41875 0.03125 0.02890625
1 0.35078125 0.42421875 0.0453125 0.06015625
3 0.28046875 0.43828125 0.0703125 0.08515625
0 0.39921875 0.45078125 0.0359375 0.04375
0 0.50078125 0.45546875 0.0328125 0.05625
0 0.3921875 0.471875 0.034375 0.04765625
3 0.23203125 0.47265625 0.1046875 0.1
0 0.33359375 0.475 0.0390625 0.05
0 0.30859375 0.503125 0.0421875 0.04765625
0 0.375 0.50390625 0.046875 0.05390625
0 0.28125 0.55390625 0.05 0.07890625
0 0.37265625 0.55390625 0.0453125 0.0625
0 0.3484375 0.60703125 0.0625 0.07734375
1 0.17421875 0.628125 0.1890625 0.24765625
0 0.321875 0.67734375 0.0875 0.12109375
1 0.0421875 0.70234375 0.084375 0.25859375
0 0.28046875 0.80078125 0.1171875 0.14765625