3 0.37265625 0.39375 0.0421875 0.06640625
3 0.32734375 0.39921875 0.0453125 0.06875
0 0.5203125 0.40546875 0.028125 0.03515625
0 0.40625 0.42890625 0.034375 0.0375
0 0.36171875 0.43203125 0.0328125 0.03984375
1 0.290625 0.446875 0.04375 0.06015625
0 0.39453125 0.459375 0.0328125 0.03984375
0 0.503125 0.46015625 0.0375 0.05
1 0.2359375 0.5 0.059375 0.07890625
2 0.38515625 0.5125 0.0421875 0.0625
0 0.29921875 0.515625 0.0484375 0.05234375
1 0.65859375 0.55703125 0.0890625 0.15625
0 0.36640625 0.57734375 0.0515625 0.07109375
0 0.25078125 0.58125 0.0578125 0.05859375
1 0.09453125 0.61328125 0.1203125 0.15625
0 0.2328125 0.659375 0.075 0.08515625
0 0.31875 0.728125 0.09375 0.10625