0 0.36640625 0.42421875 0.0265625 0.03125
0 0.55390625 0.42578125 0.0296875 0.03515625
0 0.4078125 0.42734375 0.025 0.02890625
0 0.49765625 0.42890625 0.0296875 0.04140625
0 0.346875 0.45703125 0.025 0.04765625
0 0.39921875 0.459375 0.0328125 0.03515625
1 0.31484375 0.47265625 0.0578125 0.09609375
1 0.22734375 0.484375 0.0859375 0.13125
0 0.39921875 0.48984375 0.0359375 0.05390625
0 0.59296875 0.49375 0.0484375 0.075
0 0.653125 0.5 0.05 0.0625
1 0.25859375 0.55703125 0.0703125 0.12265625
0 0.3421875 0.590625 0.06875 0.07734375
1 0.0859375 0.60390625 0.171875 0.2125
0 0.553125 0.61875 0.075 0.10859375
0 0.66796875 0.62890625 0.0734375 0.09140625
0 0.3359375 0.66796875 0.078125 0.11015625
1 0.09921875 0.80390625 0.1984375 0.31640625
0 0.25625 0.88828125 0.13125 0.18125