1 0.6015625 0.425 0.05625 0.09609375
1 0.28125 0.44140625 0.04375 0.075
1 0.33046875 0.4625 0.0421875 0.075
0 0.3953125 0.478125 0.034375 0.04375
3 0.17421875 0.53046875 0.1234375 0.16484375
0 0.37734375 0.534375 0.0515625 0.06875
0 0.2953125 0.553125 0.05625 0.06484375
3 0.64765625 0.56640625 0.1390625 0.19140625
1 0.784375 0.57890625 0.109375 0.1625
0 0.33671875 0.69140625 0.0859375 0.12109375
0 0.61640625 0.8 0.1171875 0.2
3 0.10859375 0.81015625 0.2171875 0.37890625
0 0.95859375 0.85 0.0828125 0.20859375
0 0.25625 0.915625 0.134375 0.16875