3 0.3546875 0.40859375 0.046875 0.08359375
1 0.31796875 0.453125 0.0640625 0.08125
0 0.39609375 0.45859375 0.0328125 0.04609375
0 0.3875 0.475 0.034375 0.0375
0 0.5078125 0.478125 0.0375 0.04765625
0 0.3828125 0.50859375 0.0375 0.05
1 0.18984375 0.534375 0.0765625 0.11484375
0 0.53828125 0.54765625 0.0515625 0.075
2 0.2484375 0.5625 0.128125 0.17109375
0 0.3671875 0.56484375 0.059375 0.06640625
1 0.084375 0.61796875 0.125 0.13515625
1 0.815625 0.6375 0.13125 0.14609375
0 0.3296875 0.659375 0.071875 0.08984375
0 0.28828125 0.78203125 0.1046875 0.14375
1 0.0953125 0.83515625 0.190625 0.32890625