1 0.52734375 0.40859375 0.0234375 0.0375
1 0.54921875 0.421875 0.0453125 0.07265625
0 0.36328125 0.42578125 0.0328125 0.04375
0 0.4046875 0.43359375 0.034375 0.04609375
0 0.49375 0.434375 0.04375 0.05625
1 0.30078125 0.48203125 0.0796875 0.13984375
0 0.396875 0.48515625 0.040625 0.06640625
1 0.23671875 0.48828125 0.0609375 0.08125
0 0.37578125 0.52109375 0.0546875 0.0625
3 0.15546875 0.65390625 0.2296875 0.31640625
0 0.32734375 0.66328125 0.0859375 0.12265625
0 0.2953125 0.7625 0.11875 0.14609375
1 0.0640625 0.8609375 0.128125 0.278125
0 0.26328125 0.91875 0.1453125 0.1625