0 0.54921875 0.42109375 0.0234375 0.03359375
0 0.49609375 0.42421875 0.0265625 0.03515625
0 0.365625 0.42578125 0.028125 0.03515625
0 0.40625 0.43203125 0.028125 0.03515625
0 0.3453125 0.46171875 0.025 0.05625
0 0.3984375 0.4625 0.034375 0.04140625
0 0.640625 0.48203125 0.046875 0.06015625
1 0.31015625 0.48359375 0.0578125 0.09609375
0 0.58359375 0.48359375 0.0453125 0.07109375
1 0.22421875 0.48671875 0.0859375 0.13515625
0 0.4015625 0.49453125 0.040625 0.06015625
1 0.25390625 0.565625 0.0859375 0.12734375
0 0.5421875 0.584375 0.0625 0.09765625
0 0.3390625 0.59375 0.06875 0.08359375
0 0.64765625 0.59921875 0.0671875 0.08125
1 0.08515625 0.61171875 0.1703125 0.22265625
0 0.33046875 0.678125 0.0734375 0.09765625
1 0.096875 0.81015625 0.19375 0.33359375
0 0.25625 0.90078125 0.13125 0.17265625