0 0.503125 0.37890625 0.0125 0.01640625
1 0.33984375 0.38671875 0.0296875 0.04765625
1 0.38046875 0.38671875 0.0265625 0.04375
0 0.48203125 0.39140625 0.0203125 0.025
0 0.41640625 0.39296875 0.0203125 0.03125
0 0.3296875 0.41328125 0.01875 0.03125
0 0.3671875 0.41484375 0.025 0.02890625
0 0.41015625 0.42109375 0.0265625 0.03359375
0 0.49609375 0.428125 0.0265625 0.03515625
0 0.3140625 0.43046875 0.034375 0.04375
0 0.353125 0.44140625 0.03125 0.03359375
0 0.5515625 0.44375 0.015625 0.02890625
0 0.40546875 0.446875 0.0296875 0.03515625
1 0.58359375 0.465625 0.0609375 0.09765625
0 0.628125 0.46796875 0.040625 0.04375
0 0.2625 0.46953125 0.0375 0.03984375
0 0.33046875 0.48125 0.0328125 0.04140625
0 0.38359375 0.5 0.0359375 0.04140625
1 0.31328125 0.50703125 0.0421875 0.05625
3 0.1578125 0.5375 0.121875 0.1625
1 0.2578125 0.54765625 0.084375 0.12109375
0 0.3765625 0.55 0.040625 0.05390625
0 0.5328125 0.55 0.05625 0.07890625
0 0.621875 0.56171875 0.059375 0.08125
1 0.73359375 0.571875 0.0921875 0.14765625
0 0.38515625 0.59453125 0.0546875 0.08125
1 0.1953125 0.64375 0.115625 0.15390625
0 0.31796875 0.67421875 0.0890625 0.10625
3 0.03671875 0.67734375 0.0734375 0.19609375
0 0.29140625 0.81015625 0.0984375 0.12109375
1 0.09375 0.82734375 0.184375 0.3375
0 0.63984375 0.915625 0.1359375 0.16875
0 0.23046875 0.94140625 0.1421875 0.11640625