3 0.31796875 0.403125 0.0328125 0.06484375
3 0.27734375 0.43671875 0.0671875 0.07265625
0 0.4 0.44453125 0.04375 0.03984375
0 0.35078125 0.44609375 0.0359375 0.04140625
1 0.609375 0.45078125 0.040625 0.06875
1 0.56796875 0.46015625 0.0515625 0.1
0 0.3265625 0.48046875 0.05 0.06484375
0 0.3734375 0.49375 0.0625 0.04140625
1 0.190625 0.50546875 0.071875 0.11015625
1 0.25078125 0.5375 0.1296875 0.18359375
0 0.36640625 0.55234375 0.0515625 0.075
0 0.34453125 0.59921875 0.0609375 0.07265625
0 0.32578125 0.66640625 0.0859375 0.125
0 0.290625 0.76015625 0.11875 0.14609375
3 0.1140625 0.76328125 0.228125 0.43125
0 0.26015625 0.90390625 0.1359375 0.1625