0 0.33125 0.38515625 0.03125 0.03359375
0 0.56015625 0.403125 0.0296875 0.03984375
0 0.37265625 0.41171875 0.0296875 0.03984375
0 0.53359375 0.42265625 0.0296875 0.04609375
0 0.4109375 0.425 0.028125 0.03359375
0 0.40078125 0.4375 0.0328125 0.04140625
0 0.496875 0.43828125 0.0375 0.04765625
0 0.353125 0.44609375 0.025 0.05
1 0.33125 0.4625 0.059375 0.0875
1 0.2328125 0.46953125 0.10625 0.11875
0 0.40625 0.47109375 0.046875 0.0625
0 0.628125 0.509375 0.059375 0.07734375
0 0.53203125 0.521875 0.0609375 0.07734375
1 0.2859375 0.52265625 0.08125 0.12109375
0 0.359375 0.54375 0.071875 0.0875
1 0.12890625 0.57265625 0.1703125 0.20390625
0 0.34921875 0.615625 0.0765625 0.09375
0 0.03515625 0.64140625 0.0703125 0.0875
0 0.0328125 0.74296875 0.065625 0.12265625
0 0.7703125 0.75078125 0.140625 0.21015625
1 0.1125 0.77421875 0.225 0.30625
0 0.9234375 0.784375 0.153125 0.18515625
0 0.28359375 0.78984375 0.1203125 0.18359375