3 0.3421875 0.41875 0.0625 0.0875
0 0.40078125 0.43828125 0.0296875 0.03125
0 0.39609375 0.46171875 0.0359375 0.03515625
1 0.26484375 0.47578125 0.0546875 0.07734375
0 0.3875 0.478125 0.034375 0.04765625
1 0.30546875 0.48515625 0.0640625 0.08359375
0 0.51484375 0.48984375 0.0453125 0.05859375
1 0.2140625 0.50703125 0.0625 0.06484375
0 0.37890625 0.52734375 0.0421875 0.05390625
1 0.1453125 0.56796875 0.1 0.11015625
0 0.36015625 0.6 0.0640625 0.07890625
2 0.2078125 0.62265625 0.16875 0.225
0 0.31328125 0.715625 0.0859375 0.10625
0 0.24375 0.91953125 0.15625 0.16015625