1 0.3453125 0.38671875 0.03125 0.06015625
1 0.3265625 0.40390625 0.04375 0.07109375
1 0.2921875 0.42265625 0.046875 0.07109375
0 0.53125 0.42890625 0.0375 0.04609375
0 0.359375 0.4375 0.028125 0.0375
0 0.40078125 0.44609375 0.0359375 0.04609375
1 0.2515625 0.47109375 0.08125 0.10859375
0 0.5296875 0.496875 0.040625 0.07265625
0 0.3828125 0.51015625 0.04375 0.07109375
1 0.26640625 0.51171875 0.1046875 0.17265625
0 0.36484375 0.56875 0.0578125 0.0875
3 0.1578125 0.64296875 0.21875 0.33125
0 0.33125 0.66015625 0.09375 0.1375
0 0.29453125 0.75234375 0.0953125 0.15
1 0.075 0.86328125 0.15 0.26875
0 0.25859375 0.90078125 0.1359375 0.19765625