1 0.3546875 0.371875 0.03125 0.04765625
3 0.5109375 0.37421875 0.028125 0.05234375
0 0.47421875 0.37734375 0.0140625 0.025
0 0.4796875 0.39765625 0.01875 0.025
1 0.32890625 0.40078125 0.0328125 0.04375
1 0.36484375 0.40546875 0.0296875 0.04375
0 0.4 0.40703125 0.025 0.01875
0 0.49296875 0.425 0.0234375 0.02890625
0 0.3984375 0.42890625 0.028125 0.02890625
0 0.30859375 0.43125 0.0265625 0.03359375
0 0.27421875 0.43359375 0.0328125 0.03359375
1 0.34921875 0.43515625 0.0359375 0.0625
0 0.403125 0.45 0.03125 0.03359375
0 0.275 0.46484375 0.03125 0.0375
0 0.334375 0.465625 0.0375 0.05234375
0 0.3921875 0.46875 0.034375 0.04140625
0 0.378125 0.49453125 0.0375 0.05234375
3 0.19765625 0.50546875 0.1046875 0.13125
0 0.303125 0.51171875 0.046875 0.05625
0 0.371875 0.52109375 0.046875 0.0625
0 0.2671875 0.58046875 0.059375 0.06484375
3 0.07890625 0.634375 0.1578125 0.22265625
0 0.34296875 0.665625 0.0734375 0.09765625
0 0.18671875 0.72265625 0.0984375 0.13359375
0 0.2578125 0.86875 0.11875 0.14609375