3 0.3046875 0.40859375 0.0625 0.08359375
0 0.4109375 0.41953125 0.028125 0.03984375
1 0.55078125 0.42734375 0.0515625 0.09140625
0 0.40390625 0.45234375 0.0328125 0.03359375
3 0.25390625 0.45703125 0.0765625 0.11484375
3 0.31875 0.46015625 0.0625 0.10859375
0 0.509375 0.47890625 0.040625 0.05390625
0 0.38515625 0.49375 0.0390625 0.04609375
1 0.6875 0.53984375 0.075 0.0875
0 0.36328125 0.55859375 0.0546875 0.07109375
0 0.275 0.56171875 0.0625 0.06875
1 0.17265625 0.56953125 0.0859375 0.11484375
2 0.34609375 0.646875 0.0765625 0.10625
0 0.309375 0.78515625 0.103125 0.13359375