2 0.52109375 0.38828125 0.0296875 0.03984375
0 0.55859375 0.40234375 0.0171875 0.025
1 0.35546875 0.421875 0.0328125 0.05234375
1 0.2921875 0.42265625 0.05 0.09140625
0 0.590625 0.425 0.028125 0.03359375
0 0.5375 0.428125 0.025 0.03125
0 0.496875 0.43203125 0.028125 0.03984375
0 0.39765625 0.43828125 0.0265625 0.03125
1 0.33515625 0.45390625 0.0421875 0.07109375
0 0.6265625 0.459375 0.0375 0.04765625
0 0.39140625 0.47578125 0.0328125 0.03515625
1 0.23046875 0.48359375 0.0890625 0.14140625
0 0.5671875 0.48359375 0.034375 0.05390625
0 0.28515625 0.525 0.0453125 0.0625
0 0.36796875 0.53671875 0.0453125 0.08125
0 0.62734375 0.54140625 0.0515625 0.05390625
0 0.13984375 0.54296875 0.0515625 0.06875
0 0.52734375 0.55234375 0.0328125 0.07109375
1 0.74921875 0.56953125 0.0765625 0.09375
1 0.2328125 0.603125 0.125 0.17734375
0 0.09375 0.68046875 0.071875 0.10234375
0 0.33125 0.68828125 0.075 0.09375
0 0.61796875 0.78046875 0.1078125 0.16875
0 0.9625 0.86171875 0.075 0.22265625
0 0.88203125 0.9109375 0.1765625 0.178125
0 0.040625 0.93203125 0.075 0.12734375
0 0.215625 0.9625 0.13125 0.075