1 0.29609375 0.42890625 0.0453125 0.06640625
2 0.3453125 0.43359375 0.059375 0.0875
1 0.25859375 0.45078125 0.0484375 0.04375
0 0.38828125 0.471875 0.0390625 0.04375
0 0.50859375 0.475 0.0453125 0.0625
3 0.290625 0.49296875 0.096875 0.12734375
1 0.21875 0.5 0.071875 0.10859375
0 0.38359375 0.50234375 0.0421875 0.04140625
0 0.61484375 0.52421875 0.0578125 0.08984375
0 0.3734375 0.540625 0.05 0.06015625
0 0.54375 0.584375 0.065625 0.09375
0 0.35234375 0.58671875 0.0640625 0.06484375
1 0.21328125 0.61484375 0.1234375 0.16640625
0 0.33125 0.64765625 0.075 0.1
3 0.07265625 0.66015625 0.1453125 0.325
2 0.3296875 0.72578125 0.09375 0.13125
0 0.29375 0.84765625 0.115625 0.16640625