1 0.346875 0.42578125 0.05 0.09765625
0 0.50234375 0.440625 0.0328125 0.04765625
0 0.3953125 0.45625 0.0375 0.04140625
1 0.5703125 0.46015625 0.05 0.07890625
3 0.65390625 0.478125 0.0859375 0.13125
3 0.28125 0.5 0.109375 0.1625
0 0.37578125 0.52734375 0.0578125 0.075
0 0.540625 0.53046875 0.053125 0.09765625
1 0.146875 0.57578125 0.11875 0.12265625
0 0.35546875 0.58515625 0.0671875 0.09609375
1 0.1546875 0.67734375 0.171875 0.225
1 0.0359375 0.71015625 0.071875 0.19140625
0 0.3015625 0.803125 0.10625 0.14375