1 0.315625 0.41875 0.034375 0.04140625
0 0.36015625 0.42421875 0.0296875 0.03515625
2 0.40703125 0.43671875 0.0296875 0.03984375
0 0.3375 0.44921875 0.028125 0.02734375
0 0.3375 0.47421875 0.03125 0.03984375
0 0.39765625 0.47421875 0.0359375 0.04765625
1 0.22890625 0.48984375 0.0640625 0.0875
1 0.28359375 0.521875 0.0671875 0.09375
0 0.3828125 0.528125 0.05 0.05625
1 0.16875 0.53515625 0.078125 0.09609375
1 0.81796875 0.61171875 0.1453125 0.21875
1 0.07578125 0.62890625 0.1171875 0.175
1 0.175 0.6625 0.128125 0.175
0 0.3171875 0.76328125 0.09375 0.12734375