1 0.353125 0.36484375 0.03125 0.04609375
1 0.33125 0.396875 0.04375 0.06875
0 0.31171875 0.4 0.0234375 0.03359375
0 0.4234375 0.40546875 0.021875 0.02734375
1 0.365625 0.40625 0.0375 0.05
0 0.40390625 0.41015625 0.0234375 0.02890625
0 0.396875 0.43203125 0.03125 0.03515625
1 0.28671875 0.4375 0.0609375 0.0875
1 0.34140625 0.45 0.0484375 0.07890625
0 0.39921875 0.45234375 0.0359375 0.04609375
0 0.390625 0.475 0.040625 0.04609375
0 0.3140625 0.48984375 0.046875 0.06640625
0 0.3734375 0.509375 0.053125 0.06875
0 0.2359375 0.51171875 0.05 0.06484375
0 0.16328125 0.521875 0.0578125 0.06484375
0 0.27890625 0.55234375 0.0609375 0.07890625
1 0.6609375 0.56015625 0.1 0.16640625
0 0.2171875 0.64375 0.10625 0.12890625
3 0.04453125 0.70546875 0.0890625 0.27734375
0 0.28984375 0.76328125 0.1203125 0.16875
0 0.859375 0.89375 0.1875 0.20859375
0 0.06015625 0.93203125 0.1203125 0.13515625