1 0.29609375 0.42265625 0.0609375 0.0875
0 0.39140625 0.44140625 0.0265625 0.0375
0 0.35078125 0.45 0.0328125 0.04140625
0 0.25078125 0.45625 0.0359375 0.04140625
0 0.51796875 0.46796875 0.0328125 0.04765625
0 0.396875 0.47421875 0.0375 0.04375
0 0.20390625 0.48359375 0.0484375 0.05
1 0.3171875 0.4875 0.071875 0.1
0 0.3734375 0.52734375 0.05 0.0625
0 0.18828125 0.54453125 0.0578125 0.07734375
0 0.5453125 0.5625 0.05625 0.08359375
0 0.25 0.58515625 0.071875 0.09609375
1 0.10078125 0.621875 0.1265625 0.15234375
0 0.31953125 0.62578125 0.0859375 0.09375
0 0.80078125 0.64765625 0.0921875 0.10390625
0 0.8140625 0.83828125 0.153125 0.17265625
0 0.0859375 0.87890625 0.146875 0.17109375
0 0.6609375 0.90390625 0.1375 0.19140625