1 0.3546875 0.371875 0.03125 0.04765625
3 0.509375 0.37421875 0.028125 0.05234375
0 0.47421875 0.37734375 0.0140625 0.025
0 0.4796875 0.39765625 0.01875 0.025
1 0.32890625 0.40078125 0.0328125 0.04375
1 0.36484375 0.40546875 0.0296875 0.04375
0 0.4 0.40703125 0.025 0.01875
0 0.49140625 0.41875 0.0234375 0.02890625
0 0.3984375 0.42890625 0.028125 0.02890625
0 0.30859375 0.43125 0.0265625 0.03359375
1 0.34921875 0.43515625 0.0359375 0.0625
0 0.26796875 0.43984375 0.0328125 0.03359375
0 0.403125 0.45 0.03125 0.03359375
0 0.334375 0.46328125 0.0375 0.05234375
0 0.2734375 0.46875 0.03125 0.0375
0 0.3921875 0.46875 0.034375 0.04140625
0 0.378125 0.49453125 0.0375 0.05234375
3 0.19296875 0.509375 0.1046875 0.13125
0 0.303125 0.51171875 0.046875 0.05625
0 0.371875 0.52109375 0.046875 0.0625
0 0.2640625 0.58828125 0.0625 0.07734375
3 0.075 0.63984375 0.15 0.23359375
0 0.34140625 0.67734375 0.0765625 0.1
0 0.17734375 0.73125 0.0984375 0.13359375
0 0.25 0.89296875 0.125 0.15625