3 0.33671875 0.38984375 0.0390625 0.0625
1 0.38046875 0.38984375 0.0421875 0.06640625
0 0.36484375 0.421875 0.0328125 0.03984375
0 0.4078125 0.421875 0.028125 0.03125
0 0.5375 0.43046875 0.028125 0.03515625
1 0.29765625 0.44296875 0.0390625 0.06015625
0 0.39765625 0.44921875 0.0328125 0.03984375
1 0.2546875 0.48828125 0.05625 0.07265625
0 0.38984375 0.50390625 0.0421875 0.0625
0 0.30234375 0.509375 0.0453125 0.05234375
0 0.52578125 0.52265625 0.0421875 0.07109375
0 0.26875 0.553125 0.053125 0.05234375
0 0.36953125 0.56484375 0.0515625 0.07109375
1 0.1203125 0.59140625 0.109375 0.14609375
0 0.2625 0.60703125 0.06875 0.08125
0 0.3328125 0.68984375 0.08125 0.09609375
1 0.77421875 0.72109375 0.1609375 0.2625
1 0.08984375 0.82578125 0.1796875 0.27734375