1 0.3375 0.43515625 0.05625 0.0625
2 0.51953125 0.45234375 0.0671875 0.1
0 0.38828125 0.471875 0.0390625 0.04375
1 0.25 0.47734375 0.053125 0.0875
2 0.3 0.4875 0.078125 0.125
0 0.38359375 0.50234375 0.0421875 0.04140625
1 0.19140625 0.5125 0.0859375 0.07890625
0 0.528125 0.525 0.053125 0.075
0 0.3703125 0.54453125 0.05 0.06015625
3 0.76484375 0.5625 0.1609375 0.18359375
0 0.35078125 0.596875 0.0640625 0.06484375
1 0.06484375 0.63203125 0.1265625 0.16875
3 0.18984375 0.65390625 0.1953125 0.24609375
0 0.33125 0.65390625 0.075 0.1
2 0.2953125 0.821875 0.1125 0.17265625
0 0.63046875 0.83359375 0.1203125 0.20859375