3 0.4859375 0.33984375 0.015625 0.02890625
0 0.46484375 0.346875 0.0109375 0.01484375
1 0.3390625 0.38671875 0.034375 0.05625
1 0.36328125 0.40703125 0.0296875 0.04375
0 0.4 0.40703125 0.025 0.01875
0 0.3984375 0.42890625 0.028125 0.02890625
1 0.29765625 0.43515625 0.0484375 0.06640625
1 0.34375 0.44375 0.04375 0.07109375
0 0.4 0.45234375 0.03125 0.03359375
0 0.3921875 0.47109375 0.034375 0.04140625
0 0.21796875 0.47578125 0.0390625 0.03515625
0 0.3171875 0.4875 0.040625 0.05390625
0 0.2546875 0.49140625 0.040625 0.05
0 0.37734375 0.503125 0.0421875 0.05625
0 0.2828125 0.54609375 0.05 0.0625
0 0.240625 0.61171875 0.071875 0.08515625
3 0.065625 0.66640625 0.13125 0.25390625
0 0.32265625 0.671875 0.0828125 0.12265625
1 0.86640625 0.80078125 0.1984375 0.35234375
0 0.128125 0.81015625 0.128125 0.1375