1 0.36640625 0.40078125 0.0421875 0.06875
3 0.31328125 0.40625 0.0453125 0.075
0 0.4015625 0.44140625 0.034375 0.0375
1 0.5703125 0.44453125 0.046875 0.07734375
0 0.24921875 0.44921875 0.0265625 0.03515625
0 0.34765625 0.44921875 0.0328125 0.04375
0 0.39453125 0.46953125 0.0328125 0.04375
1 0.26796875 0.47109375 0.0484375 0.06640625
1 0.20625 0.528125 0.065625 0.09375
0 0.378125 0.53515625 0.046875 0.07109375
0 0.26796875 0.56328125 0.0546875 0.06015625
0 0.353125 0.62421875 0.065625 0.08984375
1 0.80625 0.64296875 0.109375 0.16015625
0 0.19765625 0.66953125 0.0796875 0.08125
1 0.05 0.68046875 0.1 0.19375
0 0.153125 0.79609375 0.115625 0.125
0 0.28515625 0.821875 0.1140625 0.13984375