1 0.26640625 0.45546875 0.0515625 0.07265625
2 0.32109375 0.46796875 0.0671875 0.10234375
0 0.38828125 0.471875 0.0390625 0.04375
3 0.5953125 0.48359375 0.08125 0.14140625
1 0.21796875 0.48515625 0.0671875 0.06640625
0 0.5078125 0.48828125 0.040625 0.05234375
0 0.38359375 0.50234375 0.0421875 0.04140625
0 0.3703125 0.54453125 0.05 0.06015625
1 0.13203125 0.57890625 0.0953125 0.15390625
3 0.240625 0.58203125 0.134375 0.18125
0 0.35078125 0.596875 0.0640625 0.06484375
0 0.33125 0.64765625 0.075 0.1
2 0.71484375 0.71015625 0.2546875 0.3625
2 0.31484375 0.74765625 0.0984375 0.15
1 0.08828125 0.84453125 0.1765625 0.31015625