0 0.490625 0.41484375 0.053125 0.05859375
0 0.40625 0.42109375 0.025 0.04140625
3 0.3 0.42578125 0.05 0.07265625
0 0.359375 0.43359375 0.034375 0.03359375
1 0.23515625 0.440625 0.0671875 0.07734375
0 0.33984375 0.47421875 0.0390625 0.05625
0 0.52109375 0.48359375 0.0453125 0.08359375
0 0.38515625 0.496875 0.0609375 0.07265625
1 0.14140625 0.5 0.1328125 0.0875
1 0.2515625 0.53984375 0.140625 0.18359375
0 0.37890625 0.55078125 0.0640625 0.07265625
0 0.3453125 0.6 0.08125 0.0625
3 0.13125 0.67265625 0.2625 0.35390625
0 0.3421875 0.67890625 0.109375 0.14140625
1 0.92109375 0.74296875 0.1578125 0.35625
1 0.78046875 0.74609375 0.1828125 0.3375
0 0.2953125 0.74921875 0.121875 0.14375
0 0.2671875 0.90703125 0.14375 0.18515625