2 0.3578125 0.409375 0.046875 0.06875
0 0.40234375 0.428125 0.0328125 0.04375
1 0.29921875 0.42890625 0.0453125 0.06640625
1 0.27265625 0.44140625 0.0484375 0.075
3 0.3328125 0.44453125 0.065625 0.08515625
0 0.38828125 0.49140625 0.0421875 0.05
3 0.1875 0.50390625 0.125 0.17109375
1 0.30078125 0.50390625 0.0640625 0.09140625
0 0.378125 0.521875 0.05 0.06015625
0 0.34921875 0.5875 0.0578125 0.06640625
0 0.33125 0.64609375 0.075 0.1
0 0.58671875 0.675 0.0828125 0.1375
0 0.32421875 0.71796875 0.0859375 0.12734375
0 0.29375 0.8375 0.1125 0.15