1 0.35703125 0.41796875 0.0421875 0.05625
3 0.3 0.42265625 0.05625 0.07109375
0 0.5015625 0.44453125 0.034375 0.04765625
0 0.6 0.45234375 0.028125 0.04609375
3 0.25625 0.45625 0.075 0.09609375
0 0.378125 0.51015625 0.04375 0.05390625
0 0.371875 0.55390625 0.046875 0.0625
1 0.20625 0.58046875 0.1625 0.20234375
0 0.565625 0.58515625 0.059375 0.09140625
1 0.1015625 0.58828125 0.153125 0.17265625
0 0.3484375 0.60859375 0.05625 0.06640625
0 0.3296875 0.65859375 0.090625 0.1125
0 0.290625 0.7625 0.103125 0.14140625