1 0.53671875 0.415625 0.0359375 0.06875
0 0.3953125 0.453125 0.0375 0.04375
0 0.34140625 0.46015625 0.0390625 0.05
0 0.515625 0.49296875 0.040625 0.07265625
0 0.31796875 0.49453125 0.0421875 0.05234375
0 0.3765625 0.51015625 0.053125 0.05859375
1 0.15625 0.53125 0.096875 0.12890625
0 0.37265625 0.55234375 0.0515625 0.07109375
1 0.2265625 0.56328125 0.134375 0.19765625
0 0.34921875 0.60546875 0.0609375 0.08125
0 0.32890625 0.665625 0.0890625 0.12734375
0 0.85234375 0.70859375 0.1171875 0.14140625
0 0.28984375 0.75546875 0.1109375 0.13984375
3 0.10234375 0.7875 0.2046875 0.425
0 0.634375 0.81796875 0.1375 0.22265625
0 0.2609375 0.9109375 0.146875 0.178125