3 0.55 0.38046875 0.03125 0.05625
0 0.49140625 0.4125 0.0234375 0.0375
0 0.4078125 0.41640625 0.025 0.0375
1 0.32890625 0.44765625 0.0640625 0.1125
0 0.40390625 0.453125 0.0265625 0.03515625
0 0.51484375 0.45625 0.0328125 0.04609375
1 0.265625 0.46171875 0.046875 0.07265625
0 0.38984375 0.48515625 0.0390625 0.04140625
0 0.53828125 0.57265625 0.0609375 0.0875
3 0.203125 0.59453125 0.178125 0.25234375
0 0.34453125 0.60859375 0.0734375 0.10390625
1 0.71953125 0.64921875 0.1359375 0.17265625
1 0.0609375 0.67109375 0.121875 0.16640625
0 0.30625 0.72109375 0.096875 0.125
1 0.06796875 0.85625 0.1359375 0.2875
0 0.26171875 0.9140625 0.1359375 0.171875