1 0.29296875 0.415625 0.0546875 0.08125
0 0.60234375 0.43203125 0.0390625 0.04375
0 0.5484375 0.44140625 0.034375 0.05
0 0.50234375 0.44765625 0.0359375 0.04609375
1 0.33359375 0.45 0.0453125 0.07109375
0 0.6375 0.46953125 0.05 0.06015625
0 0.3953125 0.47265625 0.034375 0.04609375
1 0.23203125 0.478125 0.0828125 0.12734375
0 0.5765625 0.49453125 0.046875 0.06875
0 0.36875 0.52421875 0.046875 0.06875
0 0.159375 0.528125 0.059375 0.06484375
0 0.6375 0.56640625 0.0625 0.08359375
0 0.53671875 0.57421875 0.0546875 0.08125
1 0.2375 0.59296875 0.11875 0.16484375
1 0.771875 0.59453125 0.084375 0.12734375
0 0.33359375 0.66875 0.0734375 0.0875
0 0.10234375 0.671875 0.0734375 0.08984375
0 0.6515625 0.87421875 0.14375 0.20625