1 0.28828125 0.43125 0.0640625 0.09609375
0 0.50703125 0.43828125 0.0328125 0.04375
0 0.39140625 0.44140625 0.0265625 0.0375
0 0.34140625 0.46015625 0.0328125 0.04140625
0 0.23984375 0.4625 0.0359375 0.04140625
0 0.390625 0.48671875 0.040625 0.04765625
1 0.3171875 0.4875 0.071875 0.1
0 0.1921875 0.49453125 0.053125 0.05234375
0 0.525 0.50390625 0.04375 0.0625
0 0.36875 0.5375 0.053125 0.06640625
0 0.17578125 0.55078125 0.0640625 0.08125
0 0.7125 0.55703125 0.0625 0.06875
0 0.2359375 0.60234375 0.071875 0.09609375
0 0.690625 0.653125 0.09375 0.11875
1 0.0734375 0.65703125 0.14375 0.17265625
0 0.2890625 0.665625 0.096875 0.10234375
0 0.584375 0.68671875 0.078125 0.13125