1 0.5546875 0.38984375 0.025 0.05
1 0.53203125 0.403125 0.0328125 0.06015625
0 0.3921875 0.40390625 0.01875 0.0375
3 0.30859375 0.41171875 0.0546875 0.07265625
1 0.36328125 0.4125 0.0328125 0.05859375
0 0.409375 0.41875 0.028125 0.03359375
3 0.27109375 0.44375 0.0640625 0.09140625
0 0.4984375 0.44375 0.034375 0.06640625
0 0.396875 0.453125 0.034375 0.03984375
0 0.3421875 0.46015625 0.0375 0.04609375
0 0.31796875 0.49453125 0.0359375 0.05625
0 0.38359375 0.49921875 0.0453125 0.04375
0 0.3 0.53359375 0.0375 0.0875
0 0.375 0.54609375 0.04375 0.06640625
1 0.134375 0.54609375 0.10625 0.14140625
1 0.21875 0.57109375 0.14375 0.2
0 0.72890625 0.58046875 0.0671875 0.08515625
0 0.34921875 0.590625 0.0640625 0.05625
0 0.56484375 0.61328125 0.0890625 0.12265625
0 0.3328125 0.65234375 0.075 0.1
0 0.29921875 0.73828125 0.1046875 0.08515625
3 0.09921875 0.79375 0.1984375 0.4125