3 0.4953125 0.35390625 0.025 0.04609375
0 0.475 0.37890625 0.0125 0.01640625
1 0.3453125 0.38046875 0.034375 0.05625
0 0.3015625 0.40390625 0.025 0.025
1 0.36640625 0.40546875 0.0296875 0.04375
0 0.4 0.40703125 0.025 0.01875
1 0.31328125 0.41796875 0.0421875 0.06015625
0 0.3984375 0.42890625 0.028125 0.02890625
1 0.34765625 0.4375 0.0359375 0.0625
0 0.2984375 0.446875 0.034375 0.03984375
0 0.403125 0.45 0.03125 0.03359375
0 0.3921875 0.46875 0.034375 0.04140625
0 0.3265625 0.471875 0.0375 0.05234375
0 0.378125 0.49453125 0.0375 0.05234375
0 0.2765625 0.49921875 0.04375 0.05625
0 0.603125 0.51484375 0.053125 0.05859375
0 0.2796875 0.54609375 0.05 0.06640625
0 0.36171875 0.55 0.0546875 0.07890625
3 0.1375 0.553125 0.15 0.16875
0 0.2359375 0.63359375 0.075 0.0875
3 0.0328125 0.709375 0.065625 0.21875
0 0.2921875 0.83984375 0.1125 0.15390625
0 0.059375 0.925 0.11875 0.15