2 0.540625 0.41640625 0.053125 0.08359375
1 0.29765625 0.41875 0.0546875 0.08359375
0 0.58359375 0.42890625 0.0296875 0.0375
1 0.33515625 0.44609375 0.0453125 0.07109375
0 0.3984375 0.46484375 0.034375 0.04609375
0 0.63515625 0.465625 0.0421875 0.06015625
1 0.2421875 0.46953125 0.078125 0.11875
0 0.58671875 0.49609375 0.0515625 0.06640625
0 0.51953125 0.49765625 0.0453125 0.0625
0 0.315625 0.49921875 0.046875 0.05625
0 0.184375 0.503125 0.04375 0.05234375
0 0.37578125 0.503125 0.0390625 0.05625
0 0.69609375 0.52890625 0.0640625 0.07890625
1 0.25 0.57265625 0.109375 0.15859375
0 0.646875 0.61015625 0.075 0.10859375
0 0.35078125 0.62578125 0.0703125 0.08984375
0 0.13359375 0.62578125 0.0765625 0.08515625
0 0.03984375 0.6375 0.0796875 0.1
1 0.953125 0.81328125 0.09375 0.22734375
0 0.6140625 0.81875 0.103125 0.15859375
0 0.8125 0.83203125 0.134375 0.19375
0 0.0640625 0.88828125 0.125 0.22265625
0 0.2515625 0.9 0.140625 0.2