1 0.26640625 0.45 0.0734375 0.10859375
0 0.3875 0.46171875 0.034375 0.04375
1 0.56875 0.46328125 0.04375 0.08125
0 0.33671875 0.46875 0.0328125 0.04140625
0 0.50703125 0.49765625 0.0390625 0.05390625
0 0.17734375 0.50625 0.0546875 0.05390625
1 0.28671875 0.525 0.0828125 0.12109375
0 0.2 0.53828125 0.053125 0.05625
0 0.3765625 0.55 0.046875 0.05390625
2 0.66640625 0.57734375 0.1515625 0.22109375
0 0.07421875 0.66015625 0.0953125 0.11640625
0 0.3265625 0.6625 0.075 0.10390625
0 0.8515625 0.678125 0.13125 0.13125
0 0.1609375 0.71875 0.10625 0.1375