3 0.36640625 0.39921875 0.0390625 0.05625
1 0.31640625 0.409375 0.0390625 0.06484375
1 0.35546875 0.425 0.0453125 0.06640625
3 0.26015625 0.44453125 0.0796875 0.11875
0 0.4015625 0.45078125 0.028125 0.03984375
0 0.39453125 0.49296875 0.0421875 0.05234375
1 0.615625 0.51640625 0.084375 0.12109375
3 0.16953125 0.53515625 0.1484375 0.20390625
0 0.35859375 0.5625 0.0515625 0.05390625
3 0.2421875 0.56953125 0.121875 0.20234375
0 0.3421875 0.61328125 0.071875 0.08125
2 0.325 0.71640625 0.090625 0.12109375
0 0.29453125 0.83515625 0.1140625 0.14609375