3 0.3109375 0.40859375 0.040625 0.075
1 0.58203125 0.41796875 0.0453125 0.05625
1 0.546875 0.428125 0.04375 0.07734375
0 0.39765625 0.44375 0.0421875 0.04609375
3 0.271875 0.44609375 0.06875 0.09140625
0 0.3453125 0.45703125 0.0375 0.04765625
0 0.3203125 0.49140625 0.04375 0.05
0 0.375 0.50078125 0.0375 0.05625
1 0.15625 0.50390625 0.0875 0.1125
0 0.37265625 0.55 0.0421875 0.07890625
1 0.2359375 0.55546875 0.14375 0.18984375
0 0.53515625 0.559375 0.0546875 0.10234375
0 0.34296875 0.596875 0.0640625 0.06875
0 0.32265625 0.65234375 0.0765625 0.10859375
0 0.28671875 0.74609375 0.1015625 0.12890625
3 0.1015625 0.778125 0.203125 0.44375
0 0.26328125 0.91328125 0.1421875 0.17265625