1 0.5 0.33515625 0.015625 0.02109375
0 0.4625 0.33671875 0.009375 0.01484375
0 0.4796875 0.33984375 0.0125 0.02109375
1 0.51328125 0.34921875 0.0203125 0.03125
0 0.46875 0.35 0.009375 0.01640625
0 0.475 0.36875 0.015625 0.025
3 0.35078125 0.378125 0.0296875 0.03515625
1 0.515625 0.38671875 0.015625 0.03984375
3 0.33359375 0.39921875 0.0328125 0.04765625
0 0.409375 0.40234375 0.025 0.025
1 0.5390625 0.403125 0.034375 0.06484375
0 0.48671875 0.40390625 0.0265625 0.04609375
0 0.37421875 0.409375 0.0234375 0.03125
0 0.36171875 0.42734375 0.0203125 0.02890625
0 0.40234375 0.42890625 0.0265625 0.0375
1 0.29453125 0.48046875 0.0828125 0.13984375
0 0.38828125 0.48984375 0.0390625 0.05
1 0.2265625 0.5 0.065625 0.09609375
0 0.3734375 0.53046875 0.046875 0.05625
3 0.15625 0.65 0.23125 0.30859375
0 0.33125 0.65390625 0.078125 0.09609375
0 0.7171875 0.72734375 0.109375 0.12890625
0 0.290625 0.75 0.084375 0.12890625
1 0.05703125 0.865625 0.1140625 0.26875
0 0.259375 0.91640625 0.134375 0.16640625