3 0.490625 0.34609375 0.01875 0.0375
0 0.46953125 0.36171875 0.0109375 0.01484375
3 0.3453125 0.38046875 0.034375 0.05625
1 0.36640625 0.40546875 0.0296875 0.04375
0 0.4 0.40703125 0.025 0.01875
1 0.31328125 0.41796875 0.0421875 0.06015625
0 0.2890625 0.41875 0.025 0.025
0 0.3984375 0.42890625 0.028125 0.02890625
1 0.34765625 0.4375 0.0359375 0.0625
0 0.403125 0.45 0.03125 0.03359375
0 0.28125 0.45703125 0.034375 0.03984375
0 0.5671875 0.46015625 0.034375 0.04609375
0 0.3921875 0.46875 0.034375 0.04140625
0 0.3234375 0.47578125 0.0375 0.05234375
0 0.378125 0.49453125 0.0375 0.05234375
0 0.2796875 0.51328125 0.04375 0.05625
0 0.2734375 0.56171875 0.059375 0.07265625
3 0.11953125 0.56484375 0.1578125 0.18359375
0 0.08828125 0.565625 0.0546875 0.04375
0 0.3546875 0.56953125 0.059375 0.08515625
0 0.22265625 0.65625 0.0796875 0.09140625
0 0.2625 0.92265625 0.140625 0.15