0 0.47890625 0.38125 0.0265625 0.0375
3 0.3265625 0.403125 0.040625 0.06484375
0 0.4953125 0.41484375 0.034375 0.05390625
0 0.40546875 0.43125 0.0328125 0.04609375
3 0.29296875 0.43828125 0.0640625 0.07265625
0 0.35546875 0.44296875 0.0390625 0.04765625
0 0.3296875 0.47578125 0.034375 0.05625
1 0.22109375 0.48125 0.0796875 0.09140625
0 0.3765625 0.49765625 0.040625 0.05859375
1 0.68671875 0.51953125 0.0609375 0.12734375
1 0.6265625 0.53125 0.08125 0.14609375
0 0.36875 0.54609375 0.05625 0.05859375
1 0.10546875 0.58359375 0.1671875 0.17890625
0 0.34296875 0.5875 0.0515625 0.0875
0 0.325 0.64765625 0.08125 0.11640625
3 0.12109375 0.72578125 0.2421875 0.37265625
0 0.28828125 0.746875 0.0921875 0.14765625
0 0.259375 0.90625 0.153125 0.18359375