0 0.4765625 0.37890625 0.021875 0.025
1 0.521875 0.38515625 0.028125 0.05
0 0.37421875 0.41328125 0.0296875 0.02734375
1 0.29453125 0.41640625 0.0484375 0.05859375
0 0.35859375 0.42734375 0.0296875 0.0375
1 0.2578125 0.43828125 0.065625 0.06484375
0 0.403125 0.44609375 0.03125 0.05390625
0 0.33671875 0.47578125 0.0265625 0.05625
0 0.571875 0.47890625 0.0625 0.075
1 0.2796875 0.50546875 0.103125 0.14375
0 0.3875 0.50625 0.046875 0.06640625
0 0.3640625 0.56171875 0.05625 0.08125
3 0.1546875 0.65390625 0.225 0.31640625
0 0.3265625 0.65546875 0.09375 0.12265625
0 0.5921875 0.65625 0.0875 0.125
0 0.2859375 0.75234375 0.10625 0.12890625
1 0.065625 0.8578125 0.13125 0.284375
0 0.26171875 0.9078125 0.1453125 0.184375