1 0.3328125 0.44765625 0.05625 0.0625
3 0.64453125 0.459375 0.0734375 0.10234375
0 0.38828125 0.471875 0.0390625 0.04375
0 0.5109375 0.48359375 0.04375 0.05390625
1 0.2234375 0.5 0.059375 0.09140625
2 0.6109375 0.50078125 0.0875 0.13125
0 0.38359375 0.50234375 0.0421875 0.04140625
2 0.2859375 0.51484375 0.096875 0.13359375
0 0.3703125 0.55 0.05 0.06640625
1 0.14921875 0.55078125 0.0921875 0.08515625
0 0.55625 0.58203125 0.05625 0.08984375
0 0.34453125 0.609375 0.0640625 0.07265625
1 0.72421875 0.6375 0.1484375 0.2375
0 0.3171875 0.696875 0.0875 0.11015625
3 0.12265625 0.759375 0.2453125 0.34375
0 0.26015625 0.91875 0.1484375 0.1625