1 0.35625 0.40625 0.05 0.075
0 0.40078125 0.44296875 0.0296875 0.03125
3 0.31484375 0.459375 0.0734375 0.12265625
0 0.5078125 0.465625 0.040625 0.05625
3 0.6609375 0.46875 0.08125 0.11640625
0 0.38828125 0.490625 0.0421875 0.05625
1 0.21328125 0.51796875 0.0796875 0.09765625
0 0.378125 0.51953125 0.046875 0.05625
1 0.25703125 0.54765625 0.1015625 0.13359375
1 0.134375 0.58671875 0.096875 0.11875
0 0.346875 0.625 0.06875 0.09140625
0 0.58515625 0.64765625 0.0796875 0.1125
0 0.3109375 0.78828125 0.109375 0.13984375