3 0.3515625 0.38203125 0.028125 0.05625
0 0.47734375 0.384375 0.0203125 0.03125
1 0.52421875 0.39296875 0.0265625 0.04765625
3 0.3265625 0.39921875 0.0375 0.06015625
1 0.3 0.41171875 0.053125 0.05234375
0 0.3609375 0.43046875 0.028125 0.03125
0 0.403125 0.43828125 0.034375 0.04375
1 0.25703125 0.440625 0.0671875 0.06484375
0 0.33828125 0.47109375 0.0328125 0.04609375
0 0.57890625 0.49609375 0.0609375 0.08359375
1 0.28984375 0.49921875 0.0921875 0.13125
0 0.38984375 0.49921875 0.0484375 0.05625
1 0.2078125 0.50703125 0.05625 0.07734375
0 0.3640625 0.55390625 0.046875 0.07109375
3 0.1546875 0.65625 0.225 0.30859375
0 0.33125 0.659375 0.090625 0.11015625
0 0.61796875 0.71015625 0.1015625 0.16640625
0 0.296875 0.753125 0.109375 0.12734375
1 0.065625 0.8671875 0.13125 0.265625
0 0.26015625 0.91328125 0.1390625 0.17265625