3 0.26875 0.45 0.065625 0.09140625
0 0.32890625 0.478125 0.0359375 0.04765625
3 0.196875 0.50234375 0.115625 0.12109375
0 0.37421875 0.5125 0.0453125 0.0625
0 0.2984375 0.52421875 0.04375 0.05234375
0 0.37265625 0.55859375 0.0515625 0.07109375
0 0.27265625 0.575 0.0609375 0.08359375
3 0.68125 0.5875 0.159375 0.26640625
0 0.3421875 0.61640625 0.0625 0.08359375
0 0.80703125 0.63515625 0.0828125 0.10859375
1 0.1140625 0.71875 0.228125 0.35390625
0 0.30703125 0.73359375 0.1046875 0.15390625
0 0.22734375 0.91875 0.1640625 0.1625