1 0.28125 0.43671875 0.05 0.06015625
1 0.62265625 0.44453125 0.0484375 0.08125
0 0.49765625 0.45 0.0390625 0.05859375
3 0.565625 0.45234375 0.0625 0.09140625
1 0.334375 0.45390625 0.04375 0.075
1 0.24765625 0.47578125 0.0609375 0.09375
0 0.6671875 0.515625 0.04375 0.06484375
0 0.38359375 0.51640625 0.0453125 0.05
1 0.29296875 0.51953125 0.0609375 0.10234375
0 0.54765625 0.55703125 0.0640625 0.07734375
0 0.36171875 0.603125 0.0640625 0.08515625
3 0.08671875 0.61015625 0.1640625 0.22109375
0 0.24296875 0.66015625 0.0828125 0.07890625
0 0.29921875 0.83671875 0.1234375 0.16015625