0 0.50625 0.453125 0.03125 0.05625
1 0.328125 0.45390625 0.05625 0.07890625
3 0.58046875 0.46328125 0.0609375 0.09375
0 0.3890625 0.475 0.034375 0.0375
0 0.38359375 0.50859375 0.0421875 0.04140625
1 0.203125 0.52265625 0.078125 0.1125
2 0.2609375 0.54765625 0.121875 0.1625
0 0.36796875 0.553125 0.0546875 0.06484375
0 0.528125 0.55703125 0.05625 0.07734375
1 0.11875 0.584375 0.109375 0.11484375
0 0.33515625 0.63359375 0.0703125 0.08359375
0 0.60625 0.7375 0.1 0.15390625
0 0.30546875 0.73984375 0.1015625 0.12890625
3 0.1078125 0.81953125 0.209375 0.36015625