0 0.48203125 0.3875 0.0203125 0.0375
3 0.29375 0.43046875 0.0625 0.08125
0 0.40859375 0.43203125 0.0265625 0.04375
0 0.503125 0.43828125 0.0375 0.06875
0 0.35703125 0.44296875 0.0421875 0.03515625
0 0.38984375 0.46640625 0.0421875 0.0375
0 0.3359375 0.471875 0.034375 0.05234375
0 0.38359375 0.49453125 0.0421875 0.06015625
1 0.24296875 0.55 0.1421875 0.1875
0 0.37578125 0.55234375 0.0546875 0.075
1 0.74140625 0.57109375 0.0984375 0.14140625
1 0.12578125 0.57734375 0.1546875 0.19140625
1 0.6625 0.58359375 0.09375 0.175
0 0.35546875 0.59375 0.0703125 0.07109375
0 0.32734375 0.6625 0.0859375 0.12109375
3 0.128125 0.70859375 0.25625 0.36640625
0 0.29296875 0.75703125 0.1078125 0.13515625
0 0.2625 0.91328125 0.134375 0.17265625