1 0.3234375 0.40859375 0.034375 0.05859375
1 0.3625 0.41796875 0.04375 0.06015625
3 0.27421875 0.43359375 0.0765625 0.1
0 0.40625 0.43828125 0.028125 0.03984375
0 0.39765625 0.48203125 0.0421875 0.05234375
3 0.1953125 0.51015625 0.115625 0.175
3 0.27109375 0.52421875 0.0921875 0.16484375
0 0.36171875 0.54765625 0.0515625 0.05390625
0 0.084375 0.58515625 0.075 0.0625
0 0.346875 0.60625 0.06875 0.08359375
2 0.33125 0.70390625 0.090625 0.12109375
1 0.05703125 0.70390625 0.1078125 0.1875
1 0.8296875 0.80546875 0.240625 0.36015625
0 0.125 0.81875 0.140625 0.14609375
0 0.29453125 0.83515625 0.1140625 0.14609375