0 0.49375 0.40859375 0.021875 0.03359375
0 0.403125 0.415625 0.025 0.02265625
1 0.3515625 0.421875 0.04375 0.06484375
3 0.2875 0.42890625 0.053125 0.08359375
0 0.4015625 0.43828125 0.034375 0.03984375
0 0.50546875 0.465625 0.0296875 0.05234375
0 0.38828125 0.46875 0.0421875 0.0375
0 0.3328125 0.471875 0.0375 0.04765625
3 0.23359375 0.47421875 0.0984375 0.10234375
0 0.31015625 0.49921875 0.0390625 0.04765625
0 0.3734375 0.50625 0.04375 0.05390625
0 0.2796875 0.55078125 0.05 0.07265625
0 0.37578125 0.55390625 0.0484375 0.0625
0 0.34921875 0.60390625 0.0578125 0.06640625
1 0.17890625 0.625 0.1859375 0.24609375
0 0.32578125 0.678125 0.0890625 0.11875
1 0.0421875 0.690625 0.084375 0.25234375
0 0.27890625 0.79609375 0.1171875 0.14140625