0 0.40546875 0.41171875 0.0328125 0.04375
3 0.3578125 0.415625 0.05625 0.08125
1 0.29609375 0.42265625 0.0484375 0.075
1 0.33046875 0.46015625 0.0546875 0.0875
0 0.39609375 0.47890625 0.0421875 0.05
3 0.21796875 0.48125 0.1046875 0.1375
0 0.3828125 0.51328125 0.05 0.06015625
0 0.35234375 0.57265625 0.0578125 0.06640625
3 0.10703125 0.61171875 0.2078125 0.27265625
0 0.33125 0.63984375 0.075 0.1
0 0.32421875 0.715625 0.0859375 0.12734375
3 0.13203125 0.71640625 0.2078125 0.31640625
0 0.29375 0.8375 0.1125 0.15