3 0.33515625 0.396875 0.0390625 0.06015625
3 0.309375 0.41875 0.05 0.0625
0 0.36640625 0.43359375 0.0390625 0.04140625
0 0.3390625 0.46171875 0.028125 0.06015625
0 0.3890625 0.48203125 0.065625 0.06484375
0 0.525 0.50625 0.06875 0.08359375
1 0.1890625 0.51328125 0.115625 0.13125
1 0.2546875 0.53515625 0.15 0.16640625
0 0.3828125 0.54921875 0.08125 0.08515625
0 0.353125 0.596875 0.071875 0.09375
1 0.07890625 0.64921875 0.1328125 0.16875
3 0.1515625 0.66640625 0.234375 0.32109375
0 0.32734375 0.66953125 0.0921875 0.13515625
0 0.29140625 0.75859375 0.1140625 0.1625
0 0.63359375 0.80625 0.1484375 0.2
0 0.27265625 0.9109375 0.1703125 0.178125