3 0.31328125 0.40703125 0.0546875 0.07265625
0 0.2828125 0.41484375 0.034375 0.05390625
1 0.35546875 0.42890625 0.0421875 0.05390625
0 0.3953125 0.43359375 0.046875 0.05859375
0 0.25625 0.44453125 0.05625 0.07734375
0 0.3984375 0.46015625 0.040625 0.05859375
1 0.3234375 0.47109375 0.084375 0.10859375
0 0.2046875 0.48046875 0.065625 0.06015625
0 0.51796875 0.48203125 0.0671875 0.08515625
0 0.3921875 0.48984375 0.05625 0.075
0 0.23828125 0.49296875 0.0671875 0.07734375
0 0.365625 0.53515625 0.078125 0.09609375
0 0.27734375 0.53984375 0.0828125 0.10859375
1 0.18046875 0.54375 0.1140625 0.15390625
0 0.08046875 0.58984375 0.0984375 0.1125
0 0.19453125 0.69375 0.0921875 0.11640625
0 0.31015625 0.73828125 0.0953125 0.13125
0 0.640625 0.78984375 0.15 0.22109375
0 0.0328125 0.821875 0.065625 0.17734375