3 0.30546875 0.41171875 0.0484375 0.07734375
1 0.33828125 0.44140625 0.0421875 0.05859375
0 0.403125 0.45078125 0.028125 0.04375
3 0.253125 0.459375 0.078125 0.11875
2 0.578125 0.46640625 0.084375 0.12109375
0 0.62578125 0.47109375 0.0359375 0.05390625
0 0.38203125 0.48046875 0.0359375 0.04765625
0 0.32421875 0.48125 0.0359375 0.04609375
1 0.70703125 0.53515625 0.0734375 0.07890625
1 0.271875 0.546875 0.090625 0.13984375
0 0.11953125 0.559375 0.0734375 0.07265625
0 0.17109375 0.571875 0.0609375 0.06484375
0 0.3671875 0.584375 0.059375 0.07265625
0 0.56953125 0.63984375 0.0703125 0.1125
0 0.69375 0.65 0.096875 0.12890625
1 0.8515625 0.67578125 0.125 0.12265625
0 0.3 0.75234375 0.1 0.1375
0 0.11640625 0.79375 0.1328125 0.16640625