0 0.36953125 0.415625 0.0296875 0.03125
1 0.309375 0.43203125 0.034375 0.05234375
0 0.40234375 0.43828125 0.0328125 0.03984375
0 0.55 0.446875 0.040625 0.05234375
1 0.2578125 0.48046875 0.046875 0.07265625
0 0.31640625 0.48671875 0.0421875 0.05234375
0 0.3890625 0.496875 0.040625 0.05234375
0 0.27890625 0.54140625 0.0515625 0.04609375
0 0.3734375 0.55 0.05 0.06640625
1 0.1328125 0.578125 0.103125 0.13515625
0 0.54296875 0.57890625 0.0609375 0.07890625
0 0.26796875 0.59453125 0.0609375 0.06875
0 0.334375 0.67734375 0.08125 0.10390625
1 0.109375 0.77578125 0.190625 0.23125
1 0.88984375 0.846875 0.2203125 0.30625