3 0.340625 0.37734375 0.034375 0.05
0 0.51640625 0.39375 0.0203125 0.03359375
0 0.48828125 0.4 0.0265625 0.03359375
0 0.4234375 0.40546875 0.021875 0.02734375
3 0.315625 0.40625 0.053125 0.07890625
0 0.40546875 0.41015625 0.0234375 0.02890625
1 0.35703125 0.41875 0.0421875 0.05859375
0 0.396875 0.428125 0.03125 0.03515625
0 0.27578125 0.43203125 0.0359375 0.03515625
0 0.40390625 0.44375 0.0328125 0.02890625
0 0.2265625 0.46328125 0.034375 0.03984375
1 0.33359375 0.46328125 0.0578125 0.08515625
0 0.39609375 0.471875 0.0390625 0.04765625
0 0.25 0.484375 0.046875 0.05234375
0 0.3703125 0.5125 0.05625 0.075
0 0.2875 0.52734375 0.053125 0.07109375
1 0.20078125 0.52890625 0.0828125 0.10390625
0 0.13671875 0.54609375 0.0703125 0.07109375
0 0.5484375 0.55625 0.059375 0.07890625
0 0.21953125 0.65703125 0.0984375 0.11015625
0 0.33203125 0.67890625 0.0984375 0.12890625
0 0.0625 0.734375 0.10625 0.11875