0 0.50859375 0.384375 0.0234375 0.02734375
1 0.33984375 0.38671875 0.0296875 0.04765625
1 0.38046875 0.38671875 0.0265625 0.04375
0 0.41640625 0.39296875 0.0203125 0.03125
0 0.48671875 0.40078125 0.0234375 0.03515625
0 0.3296875 0.41328125 0.01875 0.03125
0 0.3671875 0.41484375 0.025 0.02890625
0 0.41015625 0.42109375 0.0265625 0.03359375
0 0.571875 0.42109375 0.03125 0.04140625
0 0.3234375 0.421875 0.034375 0.04375
0 0.3578125 0.43359375 0.03125 0.03359375
0 0.50234375 0.44140625 0.0328125 0.04609375
0 0.40546875 0.446875 0.0296875 0.03515625
0 0.2671875 0.46328125 0.0375 0.03984375
0 0.57421875 0.46796875 0.0296875 0.04765625
0 0.33515625 0.47109375 0.0328125 0.04140625
0 0.6671875 0.49453125 0.040625 0.04375
0 0.38828125 0.49609375 0.0359375 0.04140625
1 0.625 0.50546875 0.08125 0.12265625
0 0.31171875 0.50703125 0.0421875 0.05625
0 0.3765625 0.53125 0.040625 0.05390625
3 0.1703125 0.53515625 0.121875 0.1625
1 0.2578125 0.54765625 0.084375 0.12109375
0 0.38671875 0.58046875 0.0546875 0.08125
0 0.66875 0.63046875 0.090625 0.10625
0 0.55703125 0.63359375 0.0765625 0.09609375
1 0.1953125 0.64375 0.115625 0.15390625
3 0.046875 0.66640625 0.09375 0.19609375
0 0.31796875 0.67421875 0.0890625 0.10625
1 0.8375 0.67578125 0.153125 0.21484375
0 0.29140625 0.81015625 0.0984375 0.12109375
1 0.09375 0.82734375 0.184375 0.3375
0 0.23046875 0.94140625 0.1421875 0.11640625