1 0.315625 0.41875 0.034375 0.04140625
0 0.36015625 0.42421875 0.0296875 0.03515625
2 0.40703125 0.43671875 0.0296875 0.03984375
0 0.3375 0.44921875 0.028125 0.02734375
0 0.5078125 0.47265625 0.03125 0.04609375
0 0.3375 0.47421875 0.03125 0.03984375
0 0.39765625 0.47421875 0.0359375 0.04765625
1 0.23359375 0.48515625 0.0640625 0.0875
1 0.29453125 0.51171875 0.0671875 0.09375
0 0.3828125 0.528125 0.05 0.05625
1 0.1734375 0.53515625 0.078125 0.09609375
1 0.08984375 0.62109375 0.1171875 0.175
1 0.1828125 0.65 0.121875 0.1625
1 0.86796875 0.65859375 0.1734375 0.2375
0 0.3203125 0.75703125 0.09375 0.12734375