1 0.35625 0.40625 0.05 0.075
0 0.40078125 0.44296875 0.0296875 0.03125
3 0.31953125 0.453125 0.0671875 0.11875
0 0.38828125 0.490625 0.0421875 0.05625
0 0.5203125 0.490625 0.040625 0.06015625
3 0.68125 0.49140625 0.08125 0.11640625
1 0.21875 0.50703125 0.071875 0.09765625
0 0.3796875 0.51171875 0.046875 0.05625
1 0.259375 0.5375 0.09375 0.12109375
1 0.140625 0.58125 0.096875 0.1125
0 0.346875 0.621875 0.065625 0.08515625
0 0.31484375 0.76640625 0.1046875 0.13359375
0 0.63359375 0.771875 0.1109375 0.17265625