1 0.28828125 0.43125 0.0640625 0.09609375
0 0.39140625 0.44140625 0.0265625 0.0375
0 0.246875 0.446875 0.0375 0.03984375
0 0.34140625 0.46015625 0.0328125 0.04140625
0 0.5078125 0.46171875 0.03125 0.05234375
0 0.228125 0.48125 0.0375 0.04609375
1 0.31015625 0.490625 0.0765625 0.11015625
0 0.3890625 0.49453125 0.040625 0.04765625
0 0.65859375 0.49921875 0.0453125 0.05234375
0 0.1703125 0.521875 0.0625 0.05234375
0 0.359375 0.5625 0.053125 0.07890625
0 0.62578125 0.56328125 0.0640625 0.08515625
0 0.54765625 0.57734375 0.0546875 0.0875
0 0.15234375 0.57734375 0.0671875 0.08359375
0 0.22265625 0.62109375 0.0765625 0.09609375
1 0.0546875 0.69296875 0.109375 0.18984375
0 0.2484375 0.715625 0.125 0.12265625
0 0.61875 0.82421875 0.11875 0.21875
1 0.87890625 0.85703125 0.2296875 0.28515625