2 0.51640625 0.38125 0.0296875 0.0375
0 0.5515625 0.39296875 0.01875 0.02734375
0 0.53046875 0.41484375 0.0234375 0.0375
0 0.5796875 0.42109375 0.025 0.03359375
0 0.49296875 0.42265625 0.0265625 0.025
1 0.35234375 0.42578125 0.0359375 0.05234375
1 0.28359375 0.43046875 0.0546875 0.08125
0 0.396875 0.44296875 0.028125 0.03515625
0 0.55390625 0.453125 0.0359375 0.04765625
0 0.6109375 0.453125 0.03125 0.04375
1 0.33203125 0.45625 0.0421875 0.05859375
0 0.39140625 0.48671875 0.0359375 0.04765625
1 0.22421875 0.4875 0.0953125 0.12890625
0 0.5953125 0.50625 0.040625 0.05390625
0 0.5171875 0.51015625 0.040625 0.04609375
0 0.275 0.53203125 0.059375 0.05234375
1 0.71015625 0.534375 0.0546875 0.07734375
0 0.36328125 0.54375 0.0484375 0.0625
0 0.128125 0.55 0.046875 0.06640625
1 0.228125 0.61328125 0.121875 0.17734375
0 0.58125 0.65703125 0.06875 0.09375
0 0.32421875 0.70390625 0.0671875 0.09609375
0 0.08359375 0.70390625 0.0765625 0.09609375
0 0.85546875 0.709375 0.1359375 0.17265625
0 0.76328125 0.75859375 0.1203125 0.16640625