0 0.40703125 0.415625 0.0328125 0.04375
3 0.3515625 0.41796875 0.05625 0.08125
1 0.28828125 0.43125 0.0484375 0.075
1 0.32109375 0.475 0.0546875 0.0875
0 0.39609375 0.47890625 0.0421875 0.05
3 0.21796875 0.48125 0.1046875 0.1375
0 0.3828125 0.51328125 0.05 0.06015625
0 0.35234375 0.57265625 0.0578125 0.06640625
3 0.09609375 0.59765625 0.1921875 0.22109375
0 0.33125 0.64609375 0.075 0.1
2 0.32421875 0.71796875 0.0859375 0.12734375
3 0.10390625 0.78515625 0.2078125 0.39140625
0 0.29375 0.8375 0.1125 0.15