3 0.58828125 0.40859375 0.0484375 0.08359375
1 0.35078125 0.41640625 0.0453125 0.07109375
0 0.50703125 0.43984375 0.0328125 0.04140625
0 0.39765625 0.446875 0.0296875 0.03125
3 0.30078125 0.47578125 0.0796875 0.13125
0 0.3828125 0.50234375 0.04375 0.0625
1 0.17890625 0.53828125 0.0953125 0.09765625
1 0.61953125 0.54140625 0.0609375 0.1
0 0.365625 0.54765625 0.05 0.06640625
1 0.20546875 0.60390625 0.1296875 0.17109375
1 0.065625 0.64765625 0.128125 0.1375
3 0.89140625 0.66640625 0.2171875 0.2875
0 0.5828125 0.66953125 0.084375 0.13125
0 0.32421875 0.70703125 0.0859375 0.11484375
1 0.8109375 0.8 0.1875 0.3125