3 0.3546875 0.40859375 0.046875 0.08359375
1 0.31796875 0.453125 0.0640625 0.08125
0 0.39609375 0.45859375 0.0328125 0.04609375
0 0.3875 0.475 0.034375 0.0375
0 0.5109375 0.48984375 0.0375 0.05859375
0 0.3828125 0.50859375 0.0375 0.05
1 0.196875 0.53046875 0.071875 0.10625
0 0.36875 0.55859375 0.053125 0.0625
2 0.2484375 0.5625 0.128125 0.17109375
0 0.54765625 0.57421875 0.0578125 0.08515625
1 0.09453125 0.59921875 0.1171875 0.11015625
0 0.33203125 0.64296875 0.0703125 0.08125
1 0.8421875 0.66875 0.134375 0.175
0 0.29453125 0.77109375 0.1078125 0.1375
1 0.0953125 0.83515625 0.190625 0.32890625