0 0.48984375 0.41875 0.0265625 0.03359375
0 0.57734375 0.425 0.0359375 0.04609375
0 0.33359375 0.46796875 0.0359375 0.04375
0 0.3140625 0.49921875 0.0375 0.04375
0 0.37578125 0.50625 0.0453125 0.05390625
0 0.534375 0.50703125 0.046875 0.06875
0 0.28984375 0.540625 0.0453125 0.06875
0 0.3734375 0.553125 0.040625 0.06015625
1 0.2046875 0.58984375 0.1625 0.22109375
0 0.34921875 0.59765625 0.0546875 0.05859375
1 0.08359375 0.60703125 0.1671875 0.20234375
0 0.3296875 0.65859375 0.08125 0.1125
0 0.29375 0.75859375 0.103125 0.13359375
0 0.634375 0.86328125 0.125 0.23984375