1 0.334375 0.44375 0.05625 0.0625
3 0.65703125 0.46796875 0.0921875 0.10234375
0 0.38828125 0.471875 0.0390625 0.04375
1 0.2296875 0.49375 0.059375 0.09140625
0 0.38359375 0.50234375 0.0421875 0.04140625
0 0.51875 0.50859375 0.046875 0.075
2 0.28828125 0.51328125 0.0890625 0.13125
2 0.65078125 0.53203125 0.1296875 0.16875
1 0.15859375 0.54296875 0.0921875 0.08515625
0 0.3703125 0.54453125 0.05 0.06015625
0 0.34453125 0.609375 0.0640625 0.06484375
0 0.58125 0.65546875 0.075 0.11875
0 0.32109375 0.690625 0.0859375 0.10625
3 0.12890625 0.740625 0.2453125 0.34375
1 0.8234375 0.75859375 0.240625 0.3375
0 0.26953125 0.90625 0.1359375 0.1875