3 0.50625 0.36875 0.025 0.04609375
1 0.35 0.37421875 0.03125 0.04765625
1 0.36640625 0.40546875 0.0296875 0.04375
0 0.4 0.40703125 0.025 0.01875
0 0.48671875 0.40703125 0.0203125 0.02265625
1 0.32109375 0.41328125 0.0328125 0.04375
0 0.3984375 0.42890625 0.028125 0.02890625
0 0.30859375 0.43125 0.0265625 0.03359375
1 0.34921875 0.43515625 0.0359375 0.0625
0 0.2515625 0.45 0.034375 0.03359375
0 0.403125 0.45 0.03125 0.03359375
0 0.3296875 0.46796875 0.0375 0.05234375
0 0.3921875 0.46875 0.034375 0.04140625
0 0.271875 0.47890625 0.034375 0.04140625
0 0.378125 0.49453125 0.0375 0.05234375
0 0.29921875 0.51796875 0.0484375 0.05625
3 0.17578125 0.52109375 0.1203125 0.14140625
0 0.36875 0.534375 0.053125 0.07265625
0 0.259375 0.59453125 0.0625 0.07734375
3 0.06875 0.66484375 0.1375 0.2375
0 0.33515625 0.69765625 0.0828125 0.10859375
0 0.16015625 0.759375 0.1078125 0.14375
0 0.23125 0.93125 0.1375 0.1375
0 0.92109375 0.94140625 0.1578125 0.11640625