3 0.57734375 0.46328125 0.0703125 0.13515625
3 0.25078125 0.46484375 0.0734375 0.09609375
0 0.32265625 0.48671875 0.0421875 0.05625
1 0.66484375 0.490625 0.0703125 0.11015625
0 0.37421875 0.51328125 0.0453125 0.06484375
0 0.52578125 0.51484375 0.0453125 0.0625
3 0.1625 0.534375 0.1375 0.16484375
0 0.2921875 0.53671875 0.05 0.06015625
0 0.3671875 0.56796875 0.053125 0.07265625
0 0.26328125 0.58359375 0.0671875 0.09140625
0 0.5953125 0.61328125 0.071875 0.10625
0 0.33125 0.65234375 0.071875 0.08359375
1 0.1 0.7984375 0.2 0.403125
0 0.27890625 0.825 0.1296875 0.17890625