3 0.3140625 0.42265625 0.05 0.07109375
1 0.25703125 0.44140625 0.0546875 0.075
0 0.39765625 0.44765625 0.0453125 0.0375
0 0.34296875 0.45625 0.0359375 0.04609375
0 0.3859375 0.48125 0.053125 0.0625
1 0.1875 0.50390625 0.1125 0.11640625
1 0.253125 0.54375 0.128125 0.17890625
0 0.371875 0.55078125 0.05 0.07265625
0 0.5453125 0.55859375 0.071875 0.1
0 0.34921875 0.59921875 0.0640625 0.08984375
3 0.15625 0.64375 0.25625 0.32890625
0 0.3328125 0.66328125 0.103125 0.11015625
0 0.2921875 0.75859375 0.11875 0.15859375
1 0.05625 0.875 0.1125 0.25
0 0.27265625 0.9125 0.1765625 0.16640625
0 0.7046875 0.96953125 0.171875 0.06015625