3 0.3046875 0.41796875 0.046875 0.06015625
3 0.26015625 0.453125 0.0765625 0.09375
0 0.33359375 0.46328125 0.0296875 0.03984375
0 0.6453125 0.49375 0.04375 0.05859375
0 0.51796875 0.49609375 0.0515625 0.0625
0 0.3125 0.496875 0.0375 0.04765625
0 0.3765625 0.50703125 0.046875 0.05234375
0 0.37265625 0.553125 0.0484375 0.06015625
1 0.11875 0.57109375 0.128125 0.1625
1 0.21796875 0.57265625 0.1546875 0.2
0 0.34921875 0.60546875 0.0578125 0.07265625
0 0.3296875 0.6625 0.084375 0.1125
0 0.290625 0.75859375 0.109375 0.1375
3 0.0890625 0.809375 0.178125 0.38125
0 0.66875 0.846875 0.128125 0.20625
0 0.24453125 0.9359375 0.1453125 0.128125