0 0.4890625 0.359375 0.015625 0.02265625
0 0.48046875 0.37890625 0.0203125 0.03359375
3 0.31640625 0.40859375 0.0484375 0.06640625
1 0.2671875 0.43984375 0.05 0.07109375
0 0.35 0.45078125 0.028125 0.04375
1 0.21015625 0.4625 0.0828125 0.0625
0 0.39140625 0.47109375 0.0484375 0.0625
1 0.25859375 0.52734375 0.1234375 0.15
0 0.37890625 0.54453125 0.0484375 0.07734375
0 0.35625 0.590625 0.059375 0.07734375
0 0.33203125 0.64765625 0.0734375 0.125
3 0.15546875 0.66171875 0.2359375 0.31015625
0 0.02734375 0.734375 0.0546875 0.08984375
0 0.29296875 0.753125 0.1265625 0.13515625
1 0.053125 0.86953125 0.10625 0.26015625
0 0.25859375 0.90546875 0.1453125 0.18125