3 0.26875 0.45 0.065625 0.09140625
0 0.32890625 0.478125 0.0359375 0.04765625
3 0.196875 0.50234375 0.115625 0.12109375
0 0.37421875 0.5125 0.0453125 0.0625
0 0.3 0.51328125 0.04375 0.05234375
0 0.37265625 0.55859375 0.0515625 0.07109375
0 0.27421875 0.57109375 0.0609375 0.08359375
0 0.3421875 0.61640625 0.0625 0.08359375
3 0.703125 0.61875 0.18125 0.30390625
0 0.8578125 0.6875 0.103125 0.12890625
1 0.1140625 0.71875 0.228125 0.35390625
0 0.30703125 0.73359375 0.1046875 0.15390625
0 0.24375 0.91015625 0.14375 0.17890625