1 0.584375 0.42265625 0.040625 0.04609375
0 0.41640625 0.42734375 0.0390625 0.05
0 0.54765625 0.42734375 0.0359375 0.04140625
0 0.49765625 0.43203125 0.0421875 0.04375
1 0.34375 0.440625 0.046875 0.07734375
1 0.26484375 0.446875 0.0828125 0.10625
0 0.553125 0.45234375 0.0375 0.04609375
1 0.31953125 0.47734375 0.0578125 0.0875
0 0.3890625 0.47734375 0.065625 0.05
0 0.60859375 0.50546875 0.0703125 0.08125
1 0.18515625 0.515625 0.1171875 0.15625
0 0.38125 0.53203125 0.05625 0.06484375
0 0.534375 0.53671875 0.065625 0.09765625
0 0.12109375 0.54765625 0.0515625 0.07109375
0 0.74296875 0.578125 0.0984375 0.12265625
0 0.13203125 0.62109375 0.0828125 0.1
0 0.3375 0.62734375 0.078125 0.1125
0 0.68671875 0.64765625 0.0953125 0.1375
1 0.184375 0.68046875 0.1875 0.24375
0 0.025 0.721875 0.05 0.13984375
0 0.053125 0.90078125 0.10625 0.16484375
0 0.68203125 0.90625 0.1640625 0.1875
0 0.26875 0.93515625 0.18125 0.12890625