1 0.29609375 0.42265625 0.0609375 0.0875
0 0.39140625 0.44140625 0.0265625 0.0375
0 0.35078125 0.45 0.0328125 0.04140625
0 0.25078125 0.45625 0.0359375 0.04140625
0 0.51796875 0.46796875 0.0328125 0.04765625
0 0.396875 0.47421875 0.0375 0.04375
1 0.321875 0.47890625 0.071875 0.1
0 0.20390625 0.48359375 0.0484375 0.05
0 0.3734375 0.52734375 0.05 0.0625
0 0.19609375 0.53671875 0.0578125 0.07734375
0 0.25 0.58515625 0.071875 0.09609375
0 0.55390625 0.5875 0.0640625 0.10390625
0 0.32890625 0.61328125 0.0859375 0.09375
1 0.10078125 0.621875 0.1265625 0.15234375
0 0.84375 0.690625 0.109375 0.12265625
0 0.096875 0.85234375 0.146875 0.17109375
0 0.884375 0.91328125 0.2 0.17265625