0 0.490625 0.365625 0.021875 0.02734375
0 0.4828125 0.3875 0.021875 0.02890625
1 0.26953125 0.425 0.0484375 0.05
0 0.35078125 0.44609375 0.0265625 0.0375
1 0.21015625 0.47265625 0.0859375 0.0875
0 0.403125 0.47421875 0.059375 0.06015625
1 0.25 0.52578125 0.128125 0.15234375
0 0.38125 0.53125 0.059375 0.0625
0 0.35859375 0.58828125 0.0640625 0.07734375
3 0.1546875 0.63828125 0.196875 0.28515625
0 0.33203125 0.64921875 0.0796875 0.10625
0 0.03203125 0.71328125 0.0609375 0.08984375
0 0.28984375 0.75 0.1046875 0.11640625
1 0.04765625 0.87890625 0.0953125 0.24140625
0 0.265625 0.9125 0.18125 0.175