1 0.346875 0.37109375 0.03125 0.04609375
1 0.3265625 0.39921875 0.04375 0.06875
0 0.4234375 0.40546875 0.021875 0.02734375
0 0.40390625 0.41015625 0.0234375 0.02890625
1 0.5484375 0.41328125 0.0375 0.06875
1 0.359375 0.41484375 0.0375 0.05
0 0.27734375 0.42734375 0.0328125 0.0375
0 0.396875 0.43203125 0.03125 0.03515625
0 0.39921875 0.45234375 0.0359375 0.04609375
0 0.278125 0.45390625 0.034375 0.05
1 0.33671875 0.45390625 0.0484375 0.07890625
0 0.22421875 0.4625 0.0171875 0.04140625
1 0.25859375 0.475 0.0609375 0.0875
0 0.57734375 0.47578125 0.0421875 0.06015625
0 0.3875 0.47890625 0.040625 0.04609375
0 0.3046875 0.5 0.046875 0.06640625
0 0.56328125 0.50859375 0.0546875 0.06640625
0 0.5484375 0.55 0.05625 0.08359375
0 0.36328125 0.55234375 0.0578125 0.075
0 0.17734375 0.58046875 0.0703125 0.08125
0 0.26171875 0.58671875 0.0671875 0.08984375
0 0.103125 0.834375 0.140625 0.17265625