0 0.340625 0.37734375 0.03125 0.03359375
0 0.37265625 0.41171875 0.0296875 0.03984375
0 0.415625 0.42265625 0.028125 0.03359375
0 0.5390625 0.425 0.03125 0.05
0 0.49921875 0.42890625 0.0359375 0.05
0 0.40078125 0.43359375 0.0328125 0.04140625
0 0.35859375 0.4375 0.0328125 0.05
0 0.6 0.43984375 0.04375 0.05390625
0 0.40859375 0.446875 0.0453125 0.05625
1 0.33125 0.45390625 0.059375 0.0875
1 0.246875 0.46796875 0.10625 0.11875
0 0.56640625 0.46875 0.0484375 0.07109375
1 0.30390625 0.496875 0.0734375 0.09765625
0 0.52265625 0.50703125 0.0671875 0.09765625
0 0.375 0.51953125 0.05625 0.07265625
1 0.15 0.54765625 0.140625 0.16640625
0 0.36484375 0.57734375 0.0671875 0.07890625
0 0.76015625 0.65703125 0.0953125 0.12734375
0 0.015625 0.6625 0.03125 0.10390625
0 0.06953125 0.68671875 0.1046875 0.11015625
0 0.30703125 0.71484375 0.0921875 0.125
0 0.60234375 0.721875 0.0953125 0.14375
1 0.15625 0.74296875 0.225 0.30625
0 0.0359375 0.9609375 0.071875 0.078125