1 0.30234375 0.42109375 0.0453125 0.06640625
2 0.35234375 0.42421875 0.0578125 0.07734375
0 0.5109375 0.440625 0.028125 0.03984375
0 0.38828125 0.471875 0.0390625 0.04375
3 0.3015625 0.48359375 0.08125 0.11640625
1 0.2328125 0.49296875 0.06875 0.10234375
0 0.38359375 0.50234375 0.0421875 0.04140625
0 0.3734375 0.540625 0.05 0.06015625
0 0.5390625 0.55625 0.0625 0.09140625
0 0.35234375 0.58671875 0.0640625 0.06484375
1 0.2421875 0.5875 0.10625 0.13359375
3 0.0890625 0.61015625 0.171875 0.24609375
0 0.68359375 0.61875 0.0796875 0.125
0 0.33125 0.64765625 0.075 0.1
0 0.32890625 0.71796875 0.0859375 0.12734375
0 0.62109375 0.81875 0.1140625 0.18359375
0 0.290625 0.83984375 0.1125 0.15