0 0.50625 0.37421875 0.015625 0.02265625
0 0.4765625 0.375 0.015625 0.02109375
1 0.3375 0.38125 0.040625 0.05390625
0 0.4234375 0.40546875 0.025 0.02734375
1 0.36875 0.40625 0.03125 0.05
0 0.4078125 0.41015625 0.028125 0.03359375
1 0.31171875 0.4125 0.0578125 0.07890625
1 0.35234375 0.41875 0.0359375 0.05
0 0.2828125 0.42578125 0.028125 0.03515625
0 0.3953125 0.43359375 0.028125 0.04140625
0 0.3484375 0.44765625 0.03125 0.0375
0 0.24296875 0.45546875 0.0453125 0.04375
0 0.39921875 0.45625 0.0359375 0.04140625
0 0.51015625 0.459375 0.0328125 0.04375
1 0.32734375 0.471875 0.0578125 0.09765625
0 0.38984375 0.49140625 0.0453125 0.05859375
0 0.1953125 0.49296875 0.04375 0.04375
0 0.23125 0.50703125 0.053125 0.07265625
0 0.27734375 0.540625 0.0671875 0.08515625
0 0.36015625 0.54921875 0.0671875 0.08125
1 0.17109375 0.559375 0.1015625 0.13515625
0 0.05234375 0.615625 0.0921875 0.09765625
0 0.59140625 0.66484375 0.0859375 0.12890625
0 0.17890625 0.71640625 0.1078125 0.125
0 0.29609375 0.78359375 0.1140625 0.14140625