0 0.296875 0.42109375 0.028125 0.03359375
0 0.578125 0.421875 0.028125 0.04375
0 0.54140625 0.42265625 0.0328125 0.05
0 0.35546875 0.43828125 0.0296875 0.03515625
0 0.40234375 0.44765625 0.0296875 0.0375
0 0.4984375 0.45234375 0.0375 0.05
0 0.56328125 0.46875 0.0359375 0.04140625
0 0.3328125 0.47578125 0.0375 0.05625
0 0.3890625 0.48984375 0.034375 0.04609375
1 0.20625 0.49140625 0.096875 0.125
1 0.296875 0.503125 0.071875 0.10234375
0 0.39609375 0.52421875 0.0453125 0.06484375
0 0.74921875 0.60390625 0.0796875 0.10390625
1 0.21953125 0.609375 0.1046875 0.15234375
0 0.5703125 0.61015625 0.075 0.09609375
0 0.33046875 0.621875 0.0734375 0.09375
1 0.071875 0.6375 0.14375 0.24140625
0 0.31171875 0.73828125 0.0921875 0.11484375
1 0.09375 0.828125 0.1875 0.34375
0 0.2375 0.9265625 0.146875 0.146875