3 0.31015625 0.4125 0.0578125 0.0875
0 0.41328125 0.41484375 0.0265625 0.0375
0 0.4890625 0.415625 0.025 0.03125
3 0.33125 0.44140625 0.06875 0.09609375
0 0.40859375 0.44375 0.0296875 0.03359375
0 0.5078125 0.446875 0.025 0.03984375
3 0.26640625 0.45078125 0.0796875 0.11875
1 0.58984375 0.46640625 0.0703125 0.125
0 0.51640625 0.48671875 0.0390625 0.06015625
0 0.3875 0.4875 0.034375 0.04609375
0 0.29765625 0.52578125 0.0546875 0.06484375
1 0.2046875 0.53515625 0.071875 0.09609375
0 0.3671875 0.54140625 0.05 0.05859375
0 0.1046875 0.57734375 0.071875 0.07109375
0 0.55546875 0.61796875 0.0609375 0.09375
2 0.35390625 0.621875 0.0671875 0.08984375
1 0.07578125 0.671875 0.1203125 0.13984375
1 0.8546875 0.73671875 0.153125 0.17734375
0 0.3171875 0.75390625 0.096875 0.12890625
0 0.13671875 0.7875 0.1265625 0.12890625