3 0.33203125 0.3875 0.0390625 0.0625
3 0.38046875 0.38984375 0.0421875 0.06640625
0 0.5265625 0.41953125 0.028125 0.03515625
0 0.36484375 0.421875 0.0328125 0.03984375
0 0.4078125 0.421875 0.028125 0.03125
1 0.29765625 0.44296875 0.0390625 0.06015625
0 0.39765625 0.44921875 0.0328125 0.03984375
0 0.51171875 0.48984375 0.0390625 0.05859375
1 0.246875 0.490625 0.05625 0.07265625
0 0.30234375 0.509375 0.0453125 0.05234375
0 0.38515625 0.5125 0.0421875 0.0625
0 0.25859375 0.56796875 0.0578125 0.05234375
0 0.36640625 0.57734375 0.0515625 0.07109375
1 0.10859375 0.603125 0.1171875 0.14765625
1 0.7046875 0.62265625 0.109375 0.19140625
0 0.24609375 0.63046875 0.0734375 0.08125
0 0.32421875 0.709375 0.0859375 0.09765625