0 0.4953125 0.43359375 0.040625 0.05
3 0.55859375 0.44609375 0.0546875 0.075
1 0.328125 0.45859375 0.05 0.08359375
1 0.23671875 0.48125 0.0671875 0.09140625
0 0.646875 0.48984375 0.04375 0.0625
0 0.5296875 0.515625 0.053125 0.06484375
0 0.378125 0.525 0.04375 0.06640625
1 0.28671875 0.52578125 0.0734375 0.10625
0 0.35703125 0.61484375 0.0703125 0.09609375
3 0.075 0.63359375 0.15 0.24140625
0 0.22890625 0.68515625 0.0859375 0.09609375
0 0.62578125 0.79921875 0.1203125 0.18125
0 0.2828125 0.87265625 0.1375 0.18359375