3 0.29453125 0.42578125 0.0671875 0.09375
3 0.34765625 0.42578125 0.0546875 0.08515625
1 0.590625 0.43359375 0.0375 0.05859375
0 0.3984375 0.45390625 0.034375 0.0375
0 0.321875 0.48984375 0.04375 0.04609375
0 0.5171875 0.503125 0.046875 0.05625
0 0.38359375 0.50625 0.0421875 0.05859375
0 0.18125 0.50703125 0.046875 0.05234375
1 0.2328125 0.509375 0.0625 0.08984375
2 0.3640625 0.584375 0.059375 0.08515625
1 0.14765625 0.59140625 0.0953125 0.12109375
0 0.56015625 0.60703125 0.0609375 0.10234375
1 0.71875 0.62890625 0.146875 0.2625
0 0.2125 0.6625 0.084375 0.1
0 0.3390625 0.68984375 0.084375 0.10390625
0 0.63046875 0.80703125 0.1171875 0.20234375