1 0.3671875 0.396875 0.040625 0.05625
3 0.3375 0.43046875 0.065625 0.10234375
0 0.40078125 0.43828125 0.0296875 0.03125
0 0.39609375 0.46171875 0.0359375 0.03515625
0 0.3859375 0.484375 0.034375 0.04765625
1 0.24453125 0.48828125 0.0609375 0.08125
1 0.290625 0.49765625 0.075 0.09140625
1 0.18984375 0.534375 0.0796875 0.08515625
0 0.371875 0.55 0.046875 0.07109375
1 0.084375 0.6 0.13125 0.12109375
0 0.34375 0.65 0.071875 0.09609375
2 0.14609375 0.703125 0.2328125 0.30234375
0 0.2859375 0.80859375 0.109375 0.125
0 0.68828125 0.93828125 0.1515625 0.12265625