1 0.27734375 0.44453125 0.0515625 0.07265625
2 0.3234375 0.46171875 0.06875 0.09765625
1 0.2328125 0.46875 0.059375 0.0625
0 0.38828125 0.471875 0.0390625 0.04375
0 0.52421875 0.49765625 0.0453125 0.05390625
0 0.38359375 0.50234375 0.0421875 0.04140625
3 0.63046875 0.52734375 0.1203125 0.16640625
0 0.3734375 0.540625 0.05 0.06015625
3 0.2515625 0.54921875 0.115625 0.16484375
1 0.14609375 0.56015625 0.0921875 0.1375
0 0.53515625 0.57109375 0.0640625 0.08359375
0 0.35234375 0.58671875 0.0640625 0.06484375
0 0.06328125 0.60078125 0.0765625 0.07734375
0 0.33125 0.64765625 0.075 0.1
2 0.31875 0.73046875 0.09375 0.13125
1 0.09921875 0.778125 0.1984375 0.28125
0 0.26328125 0.92421875 0.1453125 0.14765625