3 0.37265625 0.39375 0.0421875 0.06640625
3 0.32734375 0.39921875 0.0453125 0.06875
0 0.5234375 0.409375 0.028125 0.03515625
0 0.40625 0.42890625 0.034375 0.0375
0 0.36171875 0.43203125 0.0328125 0.03984375
1 0.290625 0.446875 0.04375 0.06015625
0 0.39453125 0.459375 0.0328125 0.03984375
0 0.50546875 0.47265625 0.0390625 0.05859375
1 0.24375 0.49296875 0.05625 0.07265625
0 0.30234375 0.509375 0.0453125 0.05234375
2 0.38515625 0.5125 0.0421875 0.0625
0 0.253125 0.575 0.053125 0.05859375
0 0.36640625 0.57734375 0.0515625 0.07109375
2 0.68046875 0.58828125 0.0984375 0.16875
1 0.10078125 0.60546875 0.1171875 0.14375
0 0.23984375 0.646875 0.0734375 0.08125
0 0.31875 0.715625 0.0875 0.10625