1 0.34453125 0.39609375 0.0265625 0.0375
0 0.38046875 0.40078125 0.0296875 0.03515625
0 0.41484375 0.40859375 0.0265625 0.025
0 0.37421875 0.4125 0.0265625 0.03359375
0 0.40859375 0.42890625 0.0234375 0.02890625
1 0.29296875 0.43203125 0.0421875 0.05234375
1 0.34765625 0.44453125 0.0390625 0.05625
0 0.39921875 0.45703125 0.0328125 0.03515625
1 0.24765625 0.46640625 0.0453125 0.07109375
0 0.51015625 0.475 0.0390625 0.05390625
1 0.2984375 0.496875 0.0625 0.08984375
1 0.203125 0.50859375 0.075 0.1
0 0.3671875 0.57265625 0.05625 0.075
1 0.23828125 0.58984375 0.0921875 0.14140625
0 0.33515625 0.70078125 0.0890625 0.11875
0 0.12890625 0.8625 0.1359375 0.14140625