0 0.30234375 0.41796875 0.0265625 0.03515625
0 0.58984375 0.43359375 0.0359375 0.04609375
0 0.35859375 0.43515625 0.0296875 0.0375
0 0.55078125 0.4375 0.0328125 0.05390625
0 0.4046875 0.43984375 0.03125 0.0375
0 0.3359375 0.46796875 0.034375 0.05234375
0 0.50625 0.47265625 0.0375 0.05
0 0.38984375 0.484375 0.0390625 0.04765625
1 0.2984375 0.4875 0.065625 0.09609375
0 0.578125 0.48828125 0.040625 0.04765625
1 0.2125 0.49453125 0.09375 0.12734375
0 0.39765625 0.515625 0.0484375 0.06484375
1 0.2296875 0.59140625 0.103125 0.1375
0 0.3328125 0.62109375 0.071875 0.1
1 0.07578125 0.628125 0.1515625 0.23125
0 0.8078125 0.66015625 0.096875 0.12890625
0 0.6046875 0.69609375 0.1 0.14140625
0 0.3171875 0.72421875 0.0875 0.11484375
1 0.09453125 0.828125 0.1890625 0.34375
0 0.24140625 0.9234375 0.1484375 0.153125