1 0.353125 0.36484375 0.03125 0.04609375
1 0.33125 0.396875 0.04375 0.06875
0 0.30703125 0.39765625 0.0328125 0.0375
0 0.4234375 0.40546875 0.021875 0.02734375
0 0.40390625 0.41015625 0.0234375 0.02890625
1 0.3625 0.4125 0.0375 0.05
0 0.396875 0.43203125 0.03125 0.03515625
1 0.34140625 0.45 0.0484375 0.07890625
0 0.39921875 0.45234375 0.0359375 0.04609375
1 0.27578125 0.45859375 0.0609375 0.0875
0 0.390625 0.475 0.040625 0.04609375
0 0.309375 0.49375 0.046875 0.06640625
0 0.3734375 0.509375 0.053125 0.06875
0 0.228125 0.51796875 0.05 0.06484375
1 0.63828125 0.51875 0.0828125 0.14140625
0 0.15 0.54296875 0.071875 0.06484375
0 0.27421875 0.55859375 0.0609375 0.07890625
0 0.2171875 0.66640625 0.10625 0.12890625
3 0.04453125 0.70546875 0.0890625 0.27734375
0 0.28828125 0.78046875 0.1203125 0.16875
0 0.80078125 0.796875 0.1515625 0.17734375