0 0.31015625 0.43671875 0.0296875 0.03984375
1 0.55390625 0.44296875 0.0359375 0.05234375
0 0.34765625 0.44609375 0.0328125 0.04609375
0 0.39375 0.45546875 0.0375 0.04375
1 0.2765625 0.46171875 0.046875 0.05234375
0 0.32734375 0.47265625 0.0421875 0.04609375
0 0.3953125 0.49140625 0.040625 0.05
0 0.315625 0.503125 0.0375 0.04375
0 0.209375 0.52734375 0.04375 0.05390625
0 0.3046875 0.53125 0.040625 0.06640625
0 0.37734375 0.534375 0.0484375 0.06484375
0 0.5375 0.546875 0.053125 0.06484375
1 0.24609375 0.5625 0.0921875 0.125
0 0.3734375 0.56953125 0.046875 0.05625
1 0.096875 0.57734375 0.153125 0.17109375
0 0.38359375 0.61328125 0.0640625 0.08515625
1 0.19609375 0.640625 0.1171875 0.16015625
1 0.71640625 0.65078125 0.1078125 0.20234375
0 0.57109375 0.65390625 0.0796875 0.12109375
1 0.03515625 0.68359375 0.0703125 0.1875
0 0.309375 0.69296875 0.096875 0.10625
0 0.29375 0.80859375 0.1 0.125
1 0.09140625 0.82890625 0.1828125 0.34140625
0 0.228125 0.94140625 0.15 0.11640625