1 0.56328125 0.403125 0.0265625 0.04765625
1 0.53671875 0.409375 0.0328125 0.06484375
3 0.3078125 0.41796875 0.046875 0.06875
3 0.26875 0.453125 0.06875 0.10625
0 0.396875 0.45859375 0.034375 0.05859375
0 0.34140625 0.46015625 0.0328125 0.0625
0 0.50859375 0.47109375 0.0390625 0.0625
0 0.38359375 0.49453125 0.0390625 0.06015625
0 0.32109375 0.49609375 0.0359375 0.0625
0 0.378125 0.50859375 0.040625 0.05859375
0 0.375 0.55078125 0.05 0.07734375
1 0.14921875 0.55390625 0.1046875 0.17109375
1 0.22578125 0.56484375 0.1453125 0.19609375
0 0.3515625 0.60390625 0.0625 0.08359375
0 0.8 0.653125 0.134375 0.16015625
0 0.33359375 0.66484375 0.0765625 0.13359375
0 0.6046875 0.73359375 0.1 0.16640625
0 0.3 0.75625 0.09375 0.15390625
3 0.10078125 0.79140625 0.2015625 0.41640625
0 0.2609375 0.9171875 0.134375 0.165625