3 0.26640625 0.45 0.0734375 0.10859375
0 0.3875 0.46171875 0.034375 0.04375
0 0.33671875 0.46875 0.0328125 0.04140625
0 0.50859375 0.48125 0.0359375 0.0625
1 0.5859375 0.48515625 0.05625 0.09609375
0 0.19296875 0.49453125 0.0515625 0.04765625
1 0.28984375 0.52109375 0.0828125 0.12109375
0 0.20703125 0.525 0.0453125 0.05390625
0 0.51640625 0.53359375 0.0515625 0.0625
0 0.3796875 0.54140625 0.046875 0.05390625
0 0.0328125 0.62578125 0.065625 0.08984375
0 0.3359375 0.63984375 0.075 0.10390625
0 0.0875 0.64453125 0.08125 0.10625
2 0.7234375 0.64921875 0.209375 0.29765625
0 0.1765625 0.69375 0.1 0.12890625
1 0.925 0.75546875 0.15 0.16484375
0 0.0796875 0.9078125 0.159375 0.184375