1 0.3171875 0.421875 0.034375 0.05234375
0 0.39921875 0.43125 0.0328125 0.0375
1 0.275 0.46875 0.05 0.0625
0 0.32578125 0.48046875 0.0421875 0.05234375
2 0.390625 0.48125 0.034375 0.05
0 0.29296875 0.51328125 0.0390625 0.03984375
0 0.60234375 0.515625 0.0515625 0.07265625
0 0.378125 0.53125 0.04375 0.0625
1 0.16484375 0.55234375 0.0953125 0.1125
0 0.28984375 0.553125 0.0546875 0.06484375
0 0.34609375 0.640625 0.0765625 0.08984375
1 0.05703125 0.66171875 0.1140625 0.16484375
1 0.1671875 0.68984375 0.134375 0.18359375
0 0.675 0.92890625 0.153125 0.14140625