3 0.31328125 0.409375 0.0578125 0.08515625
0 0.2828125 0.41484375 0.034375 0.05390625
1 0.35234375 0.42265625 0.0453125 0.05859375
0 0.3953125 0.43359375 0.046875 0.05859375
0 0.25625 0.44453125 0.05625 0.07734375
0 0.3984375 0.46015625 0.040625 0.05859375
0 0.51015625 0.46796875 0.0515625 0.07265625
1 0.3234375 0.47109375 0.084375 0.10859375
0 0.1953125 0.484375 0.065625 0.06015625
0 0.3921875 0.48984375 0.05625 0.075
0 0.2328125 0.49921875 0.053125 0.06484375
0 0.27578125 0.53828125 0.0546875 0.07734375
0 0.35859375 0.54765625 0.0828125 0.10859375
1 0.17421875 0.55390625 0.0921875 0.12109375
0 0.06328125 0.6 0.0984375 0.1125
0 0.18046875 0.71875 0.1328125 0.15859375
0 0.609375 0.72734375 0.13125 0.19609375
0 0.296875 0.77890625 0.13125 0.16640625
0 0.0265625 0.85625 0.053125 0.1625