3 0.503125 0.36484375 0.025 0.04609375
1 0.35 0.37421875 0.03125 0.04765625
0 0.48203125 0.39453125 0.0203125 0.02265625
1 0.36640625 0.40546875 0.0296875 0.04375
0 0.4 0.40703125 0.025 0.01875
1 0.32109375 0.41328125 0.0328125 0.04375
0 0.3984375 0.42890625 0.028125 0.02890625
1 0.34921875 0.43515625 0.0359375 0.0625
0 0.30390625 0.4375 0.0265625 0.03359375
0 0.403125 0.45 0.03125 0.03359375
0 0.2390625 0.4625 0.034375 0.03359375
0 0.3296875 0.46796875 0.0375 0.05234375
0 0.3921875 0.46875 0.034375 0.04140625
0 0.271875 0.47890625 0.034375 0.04140625
0 0.378125 0.49453125 0.0375 0.05234375
3 0.17578125 0.52109375 0.1203125 0.14140625
0 0.29296875 0.52265625 0.0484375 0.0625
0 0.36875 0.534375 0.053125 0.07265625
0 0.253125 0.60078125 0.0625 0.07734375
3 0.0609375 0.67890625 0.121875 0.27109375
0 0.33046875 0.725 0.0890625 0.12109375
0 0.790625 0.77578125 0.134375 0.15625
0 0.1390625 0.79140625 0.11875 0.15390625
0 0.20703125 0.95625 0.1546875 0.0875