1 0.3234375 0.41796875 0.034375 0.05234375
0 0.40234375 0.42890625 0.0328125 0.0375
1 0.278125 0.459375 0.04375 0.06484375
0 0.334375 0.46484375 0.0375 0.04609375
2 0.39375 0.47734375 0.034375 0.05
0 0.3015625 0.496875 0.034375 0.03515625
0 0.38125 0.51875 0.04375 0.05390625
0 0.3015625 0.53671875 0.053125 0.05625
1 0.17890625 0.53984375 0.0953125 0.1125
0 0.66015625 0.590625 0.0671875 0.09765625
0 0.35703125 0.61796875 0.0734375 0.08125
1 0.06953125 0.63203125 0.1203125 0.15234375
1 0.203125 0.64296875 0.13125 0.15625