3 0.3296875 0.40546875 0.0375 0.06015625
1 0.29453125 0.4125 0.0421875 0.05859375
0 0.3703125 0.41484375 0.021875 0.03359375
0 0.36015625 0.434375 0.0265625 0.03515625
0 0.4 0.43984375 0.0375 0.0625
1 0.253125 0.45 0.075 0.0875
0 0.559375 0.465625 0.046875 0.06875
0 0.38359375 0.50390625 0.0484375 0.07109375
1 0.2828125 0.50546875 0.096875 0.16015625
0 0.36796875 0.55390625 0.0640625 0.07109375
0 0.57734375 0.61328125 0.0671875 0.12734375
3 0.15390625 0.63984375 0.2171875 0.31640625
0 0.3296875 0.66171875 0.090625 0.13125
0 0.29453125 0.75078125 0.0984375 0.13984375
1 0.065625 0.85625 0.13125 0.275
0 0.2609375 0.90859375 0.128125 0.175