0 0.334375 0.38125 0.03125 0.03359375
0 0.4875 0.40625 0.034375 0.0375
0 0.37265625 0.41171875 0.0296875 0.03984375
0 0.56953125 0.41328125 0.0296875 0.03984375
0 0.415625 0.42265625 0.028125 0.03359375
0 0.54140625 0.43359375 0.0296875 0.04609375
0 0.3546875 0.4375 0.025 0.05
0 0.40078125 0.4375 0.0328125 0.04140625
1 0.32734375 0.459375 0.0515625 0.07734375
0 0.50703125 0.46015625 0.0453125 0.05859375
0 0.40625 0.4625 0.046875 0.0625
3 0.246875 0.46953125 0.075 0.11875
1 0.29375 0.50859375 0.065625 0.09609375
0 0.6640625 0.53828125 0.071875 0.08125
0 0.3609375 0.53984375 0.071875 0.0875
3 0.13515625 0.55859375 0.1421875 0.17890625
0 0.54921875 0.56640625 0.0828125 0.09609375
0 0.34921875 0.596875 0.0765625 0.09375
0 0.046875 0.615625 0.084375 0.11484375
0 0.0453125 0.71953125 0.090625 0.13515625
1 0.125 0.75546875 0.225 0.30625
0 0.29453125 0.77109375 0.1203125 0.18359375
1 0.87734375 0.8828125 0.1703125 0.234375
0 0.9875 0.90390625 0.025 0.19140625