1 0.5796875 0.425 0.0375 0.05859375
3 0.34765625 0.42578125 0.0546875 0.08515625
0 0.41015625 0.42734375 0.0296875 0.03359375
3 0.28828125 0.428125 0.0671875 0.09765625
0 0.3953125 0.46484375 0.034375 0.04140625
0 0.5125 0.48515625 0.040625 0.05390625
0 0.32109375 0.48984375 0.0484375 0.04609375
0 0.18125 0.50703125 0.046875 0.05234375
1 0.2328125 0.509375 0.0625 0.08984375
0 0.37890625 0.51875 0.0453125 0.05859375
0 0.54921875 0.57109375 0.0578125 0.08359375
0 0.3609375 0.59296875 0.059375 0.08515625
1 0.14296875 0.6 0.1015625 0.12109375
1 0.69453125 0.60078125 0.1296875 0.22734375
0 0.203125 0.67265625 0.090625 0.1
0 0.3328125 0.69765625 0.084375 0.10390625
0 0.5984375 0.71953125 0.090625 0.16484375