3 0.35390625 0.42109375 0.0515625 0.08359375
3 0.3 0.425 0.0625 0.0875
0 0.3984375 0.45390625 0.034375 0.0375
1 0.61875 0.459375 0.040625 0.06875
0 0.33125 0.47890625 0.04375 0.04609375
0 0.209375 0.484375 0.0375 0.04765625
1 0.24609375 0.496875 0.0546875 0.08125
0 0.3859375 0.49765625 0.040625 0.05390625
0 0.36796875 0.57109375 0.0578125 0.07890625
1 0.1671875 0.575 0.084375 0.10390625
0 0.54140625 0.58046875 0.0609375 0.08125
0 0.23046875 0.62890625 0.0796875 0.09140625
0 0.34296875 0.67265625 0.0734375 0.1
1 0.859375 0.79765625 0.253125 0.40390625
0 0.62578125 0.79921875 0.1046875 0.18125
0 0.10234375 0.81953125 0.1203125 0.13125
0 0.25546875 0.9203125 0.1421875 0.159375