1 0.2578125 0.46875 0.053125 0.0875
0 0.38828125 0.471875 0.0390625 0.04375
2 0.31328125 0.48203125 0.0765625 0.11015625
1 0.2109375 0.50234375 0.065625 0.06640625
0 0.38359375 0.50234375 0.0421875 0.04140625
0 0.3703125 0.54453125 0.05 0.06015625
2 0.61484375 0.57421875 0.1453125 0.22265625
1 0.1171875 0.590625 0.10625 0.16484375
3 0.22265625 0.59375 0.1390625 0.1875
0 0.35078125 0.596875 0.0640625 0.06484375
0 0.33125 0.65390625 0.075 0.1
3 0.9140625 0.75859375 0.171875 0.3375
0 0.309375 0.76328125 0.103125 0.14765625
0 0.63359375 0.81875 0.1265625 0.2