0 0.340625 0.37734375 0.03125 0.03359375
0 0.37265625 0.41171875 0.0296875 0.03984375
0 0.5375 0.41640625 0.03125 0.05
0 0.49140625 0.42109375 0.0359375 0.05
0 0.415625 0.42265625 0.028125 0.03359375
0 0.40078125 0.43359375 0.0328125 0.04140625
0 0.5890625 0.43359375 0.04375 0.05390625
0 0.35859375 0.4375 0.0328125 0.05
0 0.40546875 0.453125 0.0453125 0.05625
1 0.33125 0.45390625 0.059375 0.0875
0 0.55703125 0.45625 0.0484375 0.07109375
3 0.25078125 0.46328125 0.0796875 0.12265625
0 0.5171875 0.49296875 0.05625 0.06875
1 0.29921875 0.50546875 0.0734375 0.09765625
0 0.365625 0.521875 0.05625 0.07265625
3 0.15 0.56171875 0.140625 0.19375
0 0.08046875 0.575 0.0484375 0.06640625
0 0.36171875 0.58359375 0.0671875 0.07890625
0 0.72734375 0.61484375 0.0859375 0.125
0 0.57890625 0.66171875 0.0953125 0.13515625
0 0.0578125 0.68515625 0.109375 0.12890625
0 0.3 0.728125 0.11875 0.14375
1 0.1328125 0.73984375 0.2 0.28359375
0 0.0359375 0.96953125 0.071875 0.06015625