3 0.52578125 0.36640625 0.0265625 0.0375
0 0.48828125 0.4125 0.0296875 0.03359375
0 0.4078125 0.41640625 0.0375 0.04140625
0 0.3640625 0.421875 0.028125 0.03515625
1 0.27265625 0.43203125 0.0578125 0.07734375
1 0.559375 0.44296875 0.04375 0.06015625
0 0.3578125 0.45546875 0.01875 0.04375
1 0.31484375 0.46484375 0.0765625 0.1125
0 0.39375 0.47265625 0.040625 0.05
1 0.2421875 0.48359375 0.05 0.075
1 0.603125 0.496875 0.06875 0.12265625
0 0.378125 0.51171875 0.040625 0.07265625
0 0.53203125 0.53515625 0.0578125 0.08359375
3 0.1640625 0.6375 0.21875 0.30859375
0 0.334375 0.64921875 0.0875 0.11484375
0 0.29140625 0.759375 0.1203125 0.14375
1 0.0625 0.86015625 0.125 0.27890625
0 0.2640625 0.91171875 0.140625 0.16484375