1 0.28046875 0.446875 0.0515625 0.07265625
2 0.328125 0.453125 0.06875 0.09765625
1 0.2328125 0.46875 0.059375 0.0625
0 0.38828125 0.471875 0.0390625 0.04375
0 0.38359375 0.50234375 0.0421875 0.04140625
0 0.53125 0.521875 0.053125 0.07265625
0 0.3734375 0.540625 0.05 0.06015625
3 0.64765625 0.54375 0.1328125 0.2
3 0.2515625 0.54921875 0.115625 0.16484375
1 0.15703125 0.55546875 0.0828125 0.13515625
0 0.08671875 0.58203125 0.0640625 0.07265625
0 0.35234375 0.58671875 0.0640625 0.06484375
0 0.54296875 0.60546875 0.0671875 0.09375
0 0.33125 0.64765625 0.075 0.1
0 0.31875 0.73046875 0.09375 0.13125
1 0.11328125 0.76484375 0.1921875 0.26640625
0 0.26328125 0.92421875 0.1453125 0.14765625