3 0.265625 0.459375 0.071875 0.09375
0 0.32890625 0.478125 0.0359375 0.04765625
3 0.6140625 0.509375 0.1 0.17265625
0 0.37890625 0.51015625 0.0453125 0.0625
3 0.17265625 0.52421875 0.1296875 0.14765625
0 0.2984375 0.52421875 0.04375 0.05234375
0 0.37265625 0.5625 0.0515625 0.07109375
0 0.26640625 0.57890625 0.0609375 0.08359375
1 0.78046875 0.596875 0.1234375 0.18515625
0 0.3390625 0.63125 0.06875 0.07890625
0 0.57421875 0.64453125 0.0734375 0.09765625
1 0.11015625 0.75234375 0.2203125 0.37890625
0 0.29921875 0.77109375 0.1171875 0.1625
0 0.77734375 0.9015625 0.1578125 0.196875