1 0.29765625 0.41875 0.0546875 0.08359375
2 0.54921875 0.42734375 0.0546875 0.09140625
0 0.5953125 0.43984375 0.03125 0.04609375
1 0.33515625 0.44609375 0.0453125 0.07109375
0 0.3984375 0.46015625 0.034375 0.04609375
1 0.2421875 0.46953125 0.078125 0.11875
0 0.2 0.484375 0.0375 0.05234375
0 0.65625 0.484375 0.05625 0.06875
0 0.315625 0.49921875 0.046875 0.05625
0 0.37578125 0.503125 0.0390625 0.05625
0 0.6078125 0.52734375 0.05625 0.07890625
0 0.52890625 0.52890625 0.0453125 0.0625
0 0.7328125 0.56015625 0.078125 0.0875
1 0.2625 0.56328125 0.103125 0.15234375
0 0.06484375 0.60390625 0.0859375 0.09140625
0 0.14453125 0.60625 0.0703125 0.07890625
0 0.35390625 0.61171875 0.0671875 0.08125
0 0.703125 0.7 0.096875 0.13359375
0 0.2703125 0.83828125 0.11875 0.16015625
0 0.0796875 0.84921875 0.140625 0.19375