3 0.4859375 0.33984375 0.015625 0.02890625
0 0.46484375 0.35078125 0.0109375 0.01484375
1 0.3390625 0.38671875 0.034375 0.05625
1 0.36328125 0.40703125 0.0296875 0.04375
0 0.4 0.40703125 0.025 0.01875
0 0.3984375 0.42890625 0.028125 0.02890625
1 0.29921875 0.43671875 0.0421875 0.06015625
1 0.34375 0.44375 0.04375 0.07109375
0 0.4 0.45234375 0.03125 0.03359375
0 0.3921875 0.47109375 0.034375 0.04140625
0 0.22578125 0.471875 0.0359375 0.03515625
0 0.2578125 0.4875 0.040625 0.04609375
0 0.3171875 0.4875 0.040625 0.05390625
0 0.37734375 0.503125 0.0421875 0.05625
0 0.28359375 0.53671875 0.0453125 0.06015625
0 0.2453125 0.60546875 0.071875 0.08515625
0 0.33125 0.65625 0.08125 0.11640625
3 0.06875 0.659375 0.1375 0.25234375
0 0.1390625 0.78984375 0.121875 0.12890625
1 0.91328125 0.85 0.1734375 0.3