0 0.48046875 0.38046875 0.0421875 0.03515625
3 0.32421875 0.40390625 0.0390625 0.06640625
0 0.49375 0.40703125 0.03125 0.03515625
3 0.2859375 0.42890625 0.065625 0.07890625
0 0.40390625 0.440625 0.0421875 0.05234375
0 0.35703125 0.44140625 0.0328125 0.04609375
0 0.328125 0.47265625 0.05 0.05390625
1 0.21015625 0.48984375 0.0671875 0.10390625
0 0.37578125 0.49609375 0.0578125 0.05390625
1 0.659375 0.503125 0.053125 0.08984375
1 0.60703125 0.50859375 0.0703125 0.125
0 0.3765625 0.54453125 0.075 0.06875
1 0.24453125 0.553125 0.1390625 0.17734375
1 0.0890625 0.58125 0.165625 0.15
0 0.35703125 0.60546875 0.0796875 0.08984375
0 0.33203125 0.66171875 0.0953125 0.11484375
3 0.11640625 0.73515625 0.2328125 0.41640625
0 0.29921875 0.75 0.1203125 0.14609375
0 0.2640625 0.90703125 0.159375 0.18515625