3 0.36953125 0.396875 0.0390625 0.05625
1 0.3234375 0.40859375 0.034375 0.05859375
1 0.3625 0.41796875 0.04375 0.06015625
3 0.27421875 0.43359375 0.0765625 0.1
0 0.4015625 0.45078125 0.028125 0.03984375
0 0.39765625 0.48203125 0.0421875 0.05234375
3 0.1875 0.521875 0.121875 0.18125
3 0.259375 0.53984375 0.10625 0.175
0 0.36171875 0.54765625 0.0515625 0.05390625
0 0.346875 0.60625 0.06875 0.08359375
1 0.7140625 0.64765625 0.159375 0.23359375
2 0.325 0.71640625 0.090625 0.12109375
0 0.29453125 0.83515625 0.1140625 0.14609375