3 0.490625 0.34609375 0.01875 0.0375
0 0.46953125 0.36171875 0.0109375 0.01484375
1 0.3421875 0.384375 0.034375 0.05625
1 0.36484375 0.40546875 0.0296875 0.04375
0 0.4 0.40703125 0.025 0.01875
1 0.30859375 0.421875 0.0421875 0.06015625
0 0.5421875 0.42578125 0.025 0.03125
0 0.3984375 0.42890625 0.028125 0.02890625
0 0.275 0.43046875 0.034375 0.03125
1 0.34375 0.44375 0.04375 0.07109375
0 0.4 0.45234375 0.03125 0.03359375
0 0.278125 0.46796875 0.034375 0.03984375
0 0.3921875 0.47109375 0.034375 0.04140625
0 0.3203125 0.47890625 0.040625 0.05390625
0 0.37734375 0.49921875 0.0421875 0.05625
0 0.28125 0.51796875 0.04375 0.05625
0 0.2671875 0.56953125 0.059375 0.07265625
3 0.090625 0.5875 0.18125 0.2
0 0.35234375 0.590625 0.0671875 0.09765625
0 0.2 0.69140625 0.090625 0.10859375