0 0.36015625 0.38125 0.0328125 0.04140625
0 0.5453125 0.38359375 0.03125 0.03359375
0 0.51796875 0.38828125 0.0265625 0.02734375
0 0.37578125 0.41015625 0.0296875 0.025
1 0.5703125 0.4125 0.034375 0.04609375
0 0.4921875 0.41953125 0.0375 0.05234375
0 0.365625 0.425 0.025 0.04140625
0 0.4015625 0.425 0.03125 0.0375
0 0.54765625 0.440625 0.0390625 0.04765625
0 0.41171875 0.44140625 0.0328125 0.04140625
0 0.334375 0.44453125 0.05 0.06484375
1 0.26171875 0.45234375 0.0796875 0.125
0 0.5828125 0.47890625 0.040625 0.0625
1 0.31796875 0.48359375 0.0671875 0.0875
0 0.378125 0.49375 0.059375 0.05390625
0 0.5203125 0.5 0.05 0.07109375
1 0.178125 0.52265625 0.128125 0.1625
0 0.68828125 0.53046875 0.0578125 0.08125
0 0.371875 0.54921875 0.065625 0.07734375
0 0.0828125 0.58125 0.090625 0.1
0 0.6453125 0.58515625 0.06875 0.09609375
0 0.33203125 0.63828125 0.0765625 0.10625
0 0.11015625 0.64609375 0.0890625 0.09609375
1 0.17734375 0.7 0.1984375 0.2625
0 0.609375 0.75859375 0.128125 0.19609375
0 0.05546875 0.9296875 0.1109375 0.140625
0 0.253125 0.95 0.16875 0.1