1 0.33359375 0.4 0.0296875 0.05
1 0.3015625 0.4375 0.040625 0.05390625
0 0.3484375 0.440625 0.03125 0.04375
2 0.40234375 0.45546875 0.0296875 0.03984375
1 0.646875 0.4625 0.06875 0.10390625
0 0.3203125 0.471875 0.034375 0.03515625
0 0.390625 0.48671875 0.0375 0.04765625
0 0.32109375 0.49765625 0.0421875 0.05
1 0.20859375 0.509375 0.0703125 0.10234375
1 0.26015625 0.55859375 0.0828125 0.11640625
0 0.375 0.5625 0.059375 0.06640625
1 0.134375 0.57734375 0.09375 0.12890625
1 0.08515625 0.81484375 0.1703125 0.25859375
0 0.28984375 0.86953125 0.1234375 0.15234375