3 0.3328125 0.43984375 0.078125 0.1125
1 0.23125 0.48984375 0.059375 0.09609375
0 0.384375 0.49375 0.053125 0.06640625
1 0.2734375 0.50625 0.084375 0.10859375
0 0.53125 0.53125 0.05625 0.09609375
1 0.165625 0.55 0.075 0.09140625
0 0.35859375 0.578125 0.0578125 0.09375
3 0.853125 0.634375 0.190625 0.27734375
1 0.059375 0.64140625 0.11875 0.15390625
0 0.33203125 0.7 0.0859375 0.13359375
0 0.61640625 0.77109375 0.1140625 0.21640625
2 0.11953125 0.78828125 0.2390625 0.41875
0 0.25546875 0.90625 0.1484375 0.1875