2 0.53671875 0.4125 0.0484375 0.075
3 0.29296875 0.42265625 0.0546875 0.08359375
0 0.58046875 0.425 0.0296875 0.0375
1 0.33359375 0.45 0.0453125 0.07109375
1 0.63203125 0.459375 0.0421875 0.06015625
0 0.3984375 0.4625 0.034375 0.04609375
3 0.23671875 0.46953125 0.0828125 0.12734375
0 0.575 0.47890625 0.046875 0.05859375
0 0.51328125 0.48515625 0.0359375 0.04609375
0 0.184375 0.503125 0.04375 0.05234375
0 0.30625 0.50390625 0.053125 0.05390625
1 0.68046875 0.51015625 0.0640625 0.07890625
0 0.37421875 0.51328125 0.0390625 0.05625
1 0.25 0.575 0.109375 0.15390625
0 0.63046875 0.58125 0.0640625 0.1
0 0.1296875 0.63046875 0.06875 0.07734375
0 0.3484375 0.63359375 0.065625 0.075
0 0.58984375 0.74375 0.0859375 0.13359375
0 0.7578125 0.74765625 0.1125 0.1625
1 0.9234375 0.75 0.13125 0.19140625
0 0.0640625 0.896875 0.125 0.20625
0 0.23828125 0.9140625 0.1453125 0.171875