2 0.35234375 0.42421875 0.0578125 0.07734375
1 0.30703125 0.42890625 0.0453125 0.06640625
0 0.39609375 0.453125 0.0390625 0.04375
3 0.31015625 0.471875 0.0859375 0.11484375
1 0.24765625 0.48046875 0.0609375 0.09765625
0 0.5296875 0.49140625 0.046875 0.0625
0 0.38984375 0.49765625 0.0421875 0.05
0 0.3734375 0.540625 0.05 0.06015625
1 0.2578125 0.55859375 0.090625 0.11640625
3 0.10625 0.571875 0.190625 0.23515625
0 0.35234375 0.58671875 0.0640625 0.06484375
0 0.33125 0.64765625 0.075 0.1
2 0.32890625 0.71796875 0.0859375 0.12734375
0 0.6078125 0.746875 0.103125 0.17265625
0 0.83125 0.82734375 0.14375 0.23359375
0 0.290625 0.83984375 0.1125 0.15