0 0.4890625 0.35703125 0.025 0.01875
0 0.48203125 0.384375 0.0265625 0.03515625
3 0.31484375 0.41328125 0.0453125 0.06015625
1 0.26875 0.43671875 0.053125 0.07734375
0 0.3484375 0.44765625 0.028125 0.04140625
0 0.3859375 0.46484375 0.034375 0.05
1 0.259375 0.534375 0.13125 0.17265625
0 0.38125 0.540625 0.04375 0.06484375
0 0.346875 0.59296875 0.06875 0.06875
3 0.14765625 0.64921875 0.2015625 0.29765625
0 0.3296875 0.659375 0.1 0.09375
0 0.29609375 0.75546875 0.1171875 0.13984375
0 0.25546875 0.91484375 0.1515625 0.1625