0 0.37890625 0.39765625 0.0265625 0.03359375
3 0.54296875 0.415625 0.0515625 0.08515625
0 0.41484375 0.41640625 0.0234375 0.02890625
1 0.31015625 0.41796875 0.0390625 0.04765625
1 0.35859375 0.421875 0.0390625 0.05625
0 0.40703125 0.440625 0.0328125 0.03515625
1 0.2671875 0.453125 0.04375 0.06484375
0 0.62109375 0.45625 0.0390625 0.04609375
0 0.5109375 0.46953125 0.0375 0.05234375
1 0.31875 0.47265625 0.053125 0.08359375
1 0.225 0.48984375 0.059375 0.08359375
0 0.37578125 0.53828125 0.0484375 0.06484375
1 0.27109375 0.54609375 0.0703125 0.1125
0 0.55546875 0.61015625 0.0703125 0.10390625
0 0.34765625 0.64296875 0.0765625 0.09765625
3 0.06640625 0.66015625 0.1328125 0.25390625
0 0.19921875 0.72578125 0.1015625 0.10234375
0 0.265625 0.9171875 0.15 0.165625