0 0.3171875 0.42265625 0.0375 0.04609375
0 0.353125 0.44140625 0.03125 0.03359375
0 0.40625 0.45078125 0.03125 0.03984375
1 0.57578125 0.45546875 0.0515625 0.08984375
0 0.62265625 0.46171875 0.0421875 0.04765625
0 0.2625 0.46953125 0.0375 0.03984375
0 0.33046875 0.478125 0.0359375 0.04375
0 0.3828125 0.50234375 0.040625 0.05
0 0.31171875 0.50703125 0.0421875 0.05625
0 0.52890625 0.53203125 0.0546875 0.07265625
0 0.3765625 0.53984375 0.046875 0.05859375
1 0.1578125 0.540625 0.1375 0.18515625
0 0.6109375 0.54375 0.053125 0.075
1 0.71015625 0.546875 0.0828125 0.13515625
1 0.2578125 0.54765625 0.084375 0.12109375
0 0.3875 0.584375 0.059375 0.08125
1 0.19296875 0.63984375 0.1296875 0.15859375
0 0.3140625 0.66875 0.084375 0.1
0 0.2921875 0.80703125 0.10625 0.12265625
3 0.09765625 0.8265625 0.1953125 0.346875
0 0.60703125 0.834375 0.1078125 0.18125
0 0.23046875 0.9390625 0.1421875 0.121875