3 0.278125 0.44609375 0.065625 0.09140625
0 0.33359375 0.47578125 0.0359375 0.04765625
3 0.21484375 0.48671875 0.1078125 0.12265625
0 0.3046875 0.509375 0.04375 0.05234375
0 0.37421875 0.5125 0.0453125 0.0625
0 0.37265625 0.55859375 0.0515625 0.07109375
0 0.27578125 0.559375 0.0546875 0.07734375
0 0.34375 0.61484375 0.0625 0.08359375
1 0.1546875 0.65390625 0.221875 0.2875
0 0.32265625 0.69375 0.0984375 0.13359375
3 0.86171875 0.7953125 0.2765625 0.409375
0 0.26484375 0.85078125 0.1265625 0.17734375