1 0.29609375 0.42734375 0.0359375 0.05390625
1 0.340625 0.43984375 0.046875 0.05859375
1 0.25703125 0.46796875 0.0515625 0.08515625
1 0.6578125 0.475 0.05625 0.09609375
3 0.5828125 0.47890625 0.08125 0.10390625
1 0.30859375 0.49609375 0.0546875 0.08359375
0 0.38828125 0.50390625 0.0390625 0.05
0 0.5140625 0.50390625 0.046875 0.07109375
0 0.72421875 0.57265625 0.0671875 0.07890625
0 0.36640625 0.57421875 0.0609375 0.07734375
3 0.1171875 0.57421875 0.153125 0.18515625
0 0.2640625 0.61484375 0.065625 0.06640625
0 0.61328125 0.72578125 0.1140625 0.14765625
0 0.3125 0.77265625 0.1125 0.1375
3 0.065625 0.875 0.128125 0.25