1 0.35625 0.40625 0.05 0.075
0 0.40078125 0.44296875 0.0296875 0.03125
3 0.31484375 0.459375 0.0734375 0.12265625
0 0.5140625 0.47578125 0.040625 0.05625
3 0.6734375 0.48359375 0.08125 0.11640625
0 0.38828125 0.490625 0.0421875 0.05625
1 0.21328125 0.51796875 0.0796875 0.09765625
0 0.378125 0.51953125 0.046875 0.05625
1 0.25859375 0.53984375 0.1015625 0.13359375
1 0.134375 0.58671875 0.096875 0.11875
0 0.346875 0.625 0.06875 0.09140625
0 0.60859375 0.70625 0.0953125 0.1375
0 0.31484375 0.77890625 0.1046875 0.13359375