1 0.3671875 0.403125 0.04375 0.06484375
3 0.33203125 0.43359375 0.0671875 0.10390625
0 0.40078125 0.43828125 0.0296875 0.03125
0 0.39453125 0.46953125 0.0359375 0.03515625
1 0.24453125 0.48828125 0.0609375 0.08125
0 0.38203125 0.49609375 0.0390625 0.05
1 0.290625 0.49765625 0.075 0.09140625
1 0.18984375 0.534375 0.0796875 0.08515625
0 0.36640625 0.55625 0.0484375 0.06640625
1 0.084375 0.6 0.13125 0.12109375
0 0.34140625 0.65859375 0.0796875 0.09609375
2 0.1328125 0.72109375 0.2375 0.31640625
0 0.2828125 0.821875 0.1125 0.13515625
0 0.65859375 0.884375 0.1515625 0.23125