1 0.34765625 0.41953125 0.0515625 0.08125
1 0.53984375 0.42265625 0.0328125 0.05
0 0.503125 0.45234375 0.034375 0.06640625
1 0.5796875 0.48046875 0.05625 0.08515625
3 0.6640625 0.48828125 0.0875 0.13515625
3 0.28203125 0.5 0.0921875 0.15859375
0 0.37734375 0.53984375 0.0609375 0.0875
0 0.5453125 0.55 0.065625 0.09140625
1 0.1484375 0.56953125 0.1125 0.12734375
0 0.35078125 0.58828125 0.0609375 0.08984375
1 0.1578125 0.66796875 0.171875 0.21875
1 0.04453125 0.70546875 0.0859375 0.18125
0 0.29765625 0.8 0.1015625 0.15