1 0.5453125 0.421875 0.034375 0.05625
1 0.34296875 0.42265625 0.0546875 0.09140625
0 0.4046875 0.434375 0.021875 0.03125
3 0.61171875 0.4375 0.0640625 0.09140625
0 0.50703125 0.453125 0.0328125 0.04765625
0 0.39375 0.46328125 0.028125 0.03515625
3 0.2671875 0.52109375 0.11875 0.1875
0 0.365625 0.55234375 0.0625 0.08359375
1 0.12265625 0.5875 0.1203125 0.11640625
0 0.59296875 0.61015625 0.0765625 0.10859375
0 0.33671875 0.61875 0.0703125 0.08359375
1 0.11640625 0.728125 0.1953125 0.25234375
0 0.609375 0.77890625 0.1 0.17890625
0 0.28046875 0.85859375 0.1203125 0.15859375