3 0.49375 0.353125 0.025 0.05234375
0 0.47265625 0.37421875 0.0109375 0.01484375
3 0.3453125 0.38046875 0.034375 0.05625
1 0.36640625 0.40546875 0.0296875 0.04375
0 0.4 0.40703125 0.025 0.01875
1 0.31328125 0.41796875 0.0421875 0.06015625
0 0.2890625 0.41875 0.025 0.025
0 0.3984375 0.42890625 0.028125 0.02890625
1 0.34765625 0.4375 0.0359375 0.0625
0 0.290625 0.44453125 0.034375 0.03984375
0 0.403125 0.45 0.03125 0.03359375
0 0.3921875 0.46875 0.034375 0.04140625
0 0.3234375 0.47578125 0.0375 0.05234375
0 0.59375 0.49296875 0.04375 0.05234375
0 0.378125 0.49453125 0.0375 0.05234375
0 0.2796875 0.51328125 0.04375 0.05625
0 0.1296875 0.528125 0.015625 0.03515625
0 0.2796875 0.54609375 0.05 0.06640625
0 0.36171875 0.55 0.0546875 0.07890625
3 0.1375 0.553125 0.15 0.16875
0 0.23125 0.63984375 0.075 0.0875
0 0.28515625 0.86328125 0.1203125 0.16875
0 0.04921875 0.9375 0.0984375 0.125