1 0.35078125 0.41640625 0.0453125 0.07109375
0 0.49921875 0.42421875 0.0265625 0.03515625
0 0.39765625 0.446875 0.0296875 0.03125
3 0.3 0.48046875 0.084375 0.13984375
1 0.59609375 0.50859375 0.0515625 0.08359375
0 0.38046875 0.509375 0.0484375 0.06484375
1 0.17578125 0.53828125 0.0953125 0.09765625
0 0.35859375 0.55625 0.0546875 0.07109375
0 0.55390625 0.58828125 0.0640625 0.09765625
1 0.20234375 0.61171875 0.1421875 0.17265625
3 0.8203125 0.61484375 0.178125 0.2375
1 0.05859375 0.66328125 0.1171875 0.15234375
1 0.71875 0.66640625 0.125 0.21640625
0 0.321875 0.715625 0.084375 0.11015625