1 0.37421875 0.39375 0.0328125 0.05390625
0 0.41484375 0.403125 0.0328125 0.03125
0 0.49375 0.4125 0.0375 0.04609375
0 0.3640625 0.41953125 0.034375 0.04765625
0 0.40546875 0.42421875 0.0328125 0.03515625
0 0.3109375 0.434375 0.040625 0.04765625
1 0.55703125 0.43828125 0.0484375 0.07734375
0 0.60859375 0.446875 0.0296875 0.03984375
0 0.3421875 0.453125 0.040625 0.04375
0 0.4046875 0.45625 0.04375 0.04609375
0 0.26171875 0.47265625 0.0484375 0.05
0 0.325 0.48671875 0.053125 0.05234375
1 0.65703125 0.48828125 0.0640625 0.08984375
0 0.51640625 0.49609375 0.0453125 0.0625
0 0.38359375 0.50859375 0.0484375 0.05
1 0.3078125 0.51875 0.053125 0.06640625
0 0.59375 0.51875 0.046875 0.06640625
3 0.1546875 0.53828125 0.128125 0.15234375
0 0.37578125 0.553125 0.0578125 0.06875
1 0.24765625 0.559375 0.1015625 0.13125
0 0.384375 0.59609375 0.075 0.09609375
1 0.196875 0.634375 0.11875 0.15625
3 0.03984375 0.671875 0.0796875 0.18984375
0 0.3078125 0.68515625 0.096875 0.10390625
0 0.5703125 0.69453125 0.0875 0.12734375
0 0.93671875 0.76953125 0.1265625 0.17265625
0 0.28984375 0.809375 0.1046875 0.13125
1 0.096875 0.82578125 0.19375 0.34765625
1 0.896875 0.8828125 0.196875 0.234375
0 0.2328125 0.934375 0.1625 0.13125