1 0.31015625 0.4125 0.0578125 0.0875
0 0.41171875 0.41640625 0.0265625 0.0375
0 0.40859375 0.44375 0.0296875 0.03359375
1 0.57578125 0.44453125 0.0578125 0.10234375
3 0.26328125 0.45078125 0.0796875 0.11875
1 0.3234375 0.45390625 0.0625 0.10859375
0 0.50390625 0.45859375 0.0390625 0.05390625
0 0.3875 0.4875 0.034375 0.04609375
0 0.28359375 0.5375 0.0546875 0.05859375
1 0.196875 0.54765625 0.078125 0.10390625
0 0.36484375 0.55390625 0.0546875 0.07109375
0 0.53515625 0.55625 0.0515625 0.07109375
2 0.35078125 0.63359375 0.0703125 0.1
1 0.778125 0.64140625 0.115625 0.13359375
1 0.0640625 0.68203125 0.128125 0.16015625
0 0.3125 0.77265625 0.096875 0.13359375
0 0.11171875 0.83046875 0.1390625 0.15625