0 0.47734375 0.38203125 0.0171875 0.03125
0 0.540625 0.390625 0.021875 0.03125
0 0.40234375 0.41796875 0.0265625 0.03515625
0 0.50078125 0.42109375 0.0234375 0.0375
1 0.353125 0.421875 0.05 0.06484375
3 0.2828125 0.43984375 0.06875 0.07890625
0 0.4015625 0.44609375 0.034375 0.04140625
3 0.2328125 0.46953125 0.090625 0.09765625
0 0.39296875 0.47109375 0.0359375 0.04140625
0 0.3296875 0.47578125 0.0375 0.04765625
0 0.384375 0.48671875 0.0375 0.03984375
0 0.51328125 0.49453125 0.0484375 0.07265625
0 0.309375 0.50234375 0.046875 0.05390625
0 0.3765625 0.50703125 0.053125 0.05625
0 0.2875 0.54921875 0.046875 0.07265625
0 0.37421875 0.55078125 0.0484375 0.07265625
0 0.34296875 0.609375 0.0640625 0.07265625
1 0.1859375 0.621875 0.184375 0.25234375
1 0.05 0.66796875 0.1 0.22734375
0 0.325 0.67109375 0.090625 0.1125
0 0.28203125 0.784375 0.1171875 0.14375