3 0.34921875 0.41953125 0.0546875 0.08515625
0 0.39609375 0.43828125 0.0296875 0.03125
1 0.2828125 0.44453125 0.046875 0.06015625
1 0.31328125 0.47109375 0.0640625 0.08359375
0 0.3859375 0.471875 0.034375 0.04765625
1 0.2453125 0.47890625 0.046875 0.05859375
0 0.5203125 0.49296875 0.040625 0.05625
0 0.38046875 0.51796875 0.0359375 0.04765625
1 0.1734375 0.54609375 0.08125 0.10859375
1 0.72578125 0.55703125 0.0859375 0.11015625
0 0.3671875 0.56953125 0.05625 0.07265625
2 0.23828125 0.57734375 0.1390625 0.19140625
1 0.07265625 0.62578125 0.1234375 0.13984375
0 0.33046875 0.65859375 0.0765625 0.08359375
0 0.28359375 0.80859375 0.1203125 0.14140625
3 0.08203125 0.846875 0.1640625 0.30625
0 0.69296875 0.915625 0.1609375 0.16875