1 0.34765625 0.38046875 0.0296875 0.04765625
1 0.38046875 0.38671875 0.0265625 0.04375
0 0.41640625 0.39296875 0.0203125 0.03125
0 0.51484375 0.39921875 0.0234375 0.02734375
0 0.3296875 0.41328125 0.01875 0.03125
0 0.3671875 0.41484375 0.025 0.02890625
0 0.49296875 0.415625 0.0234375 0.03515625
0 0.41015625 0.42109375 0.0265625 0.03359375
0 0.3234375 0.421875 0.034375 0.04375
0 0.3578125 0.43359375 0.03125 0.03359375
0 0.5875 0.43359375 0.03125 0.04140625
0 0.40703125 0.43671875 0.0296875 0.03515625
0 0.2765625 0.45546875 0.0375 0.03984375
0 0.33515625 0.47109375 0.0328125 0.04140625
0 0.5203125 0.484375 0.0375 0.06875
0 0.39296875 0.4875 0.0359375 0.04140625
0 0.59921875 0.50234375 0.0421875 0.05859375
0 0.31171875 0.50703125 0.0421875 0.05625
0 0.378125 0.525 0.040625 0.05390625
3 0.1828125 0.52734375 0.121875 0.1625
1 0.2703125 0.53359375 0.084375 0.12109375
0 0.38984375 0.565625 0.0546875 0.08125
1 0.6953125 0.56640625 0.121875 0.16640625
1 0.1953125 0.64375 0.115625 0.15390625
0 0.32421875 0.659375 0.0890625 0.10625
3 0.05 0.66640625 0.1 0.21640625
0 0.74765625 0.76640625 0.1265625 0.1625
0 0.62109375 0.803125 0.1390625 0.20625
0 0.29140625 0.81015625 0.0984375 0.12109375
1 0.09375 0.82734375 0.184375 0.3375
0 0.23046875 0.94140625 0.1421875 0.11640625