3 0.33984375 0.39453125 0.0328125 0.05234375
3 0.3125 0.4125 0.053125 0.06640625
1 0.26171875 0.44609375 0.0546875 0.08359375
1 0.19296875 0.49375 0.0984375 0.10859375
1 0.2546875 0.534375 0.121875 0.16484375
0 0.37109375 0.546875 0.0609375 0.06484375
0 0.35 0.60390625 0.090625 0.10390625
0 0.56015625 0.63125 0.0828125 0.11640625
3 0.15234375 0.64296875 0.2296875 0.30234375
0 0.33125 0.66953125 0.096875 0.11484375
0 0.29609375 0.75546875 0.1078125 0.14375
1 0.0671875 0.875 0.134375 0.25
0 0.25625 0.9109375 0.121875 0.178125