1 0.30546875 0.41171875 0.0484375 0.07734375
0 0.4046875 0.43203125 0.028125 0.04375
1 0.33984375 0.43984375 0.0421875 0.05859375
1 0.55625 0.44296875 0.0375 0.06875
1 0.2625 0.45546875 0.078125 0.11875
0 0.33203125 0.46875 0.0359375 0.04609375
0 0.50234375 0.46953125 0.0359375 0.04765625
0 0.38515625 0.471875 0.0359375 0.04765625
2 0.62578125 0.521875 0.1203125 0.16875
0 0.16015625 0.52421875 0.0578125 0.07265625
1 0.2828125 0.53203125 0.0875 0.13125
0 0.1921875 0.546875 0.053125 0.06484375
0 0.371875 0.56484375 0.053125 0.0625
1 0.78828125 0.61484375 0.1046875 0.10859375
0 0.0515625 0.68515625 0.090625 0.12890625
0 0.31796875 0.6875 0.0859375 0.11640625
0 0.146875 0.7375 0.1125 0.15
0 0.665625 0.90078125 0.146875 0.19765625