2 0.334375 0.44453125 0.0625 0.09765625
1 0.28046875 0.446875 0.0515625 0.07265625
0 0.56875 0.459375 0.034375 0.05625
1 0.2328125 0.46875 0.059375 0.0625
0 0.5078125 0.46875 0.03125 0.05390625
0 0.38828125 0.471875 0.0390625 0.04375
0 0.38359375 0.50234375 0.0421875 0.04140625
1 0.18828125 0.51953125 0.0828125 0.10625
3 0.26796875 0.528125 0.1078125 0.13515625
0 0.3734375 0.540625 0.05 0.06015625
0 0.35234375 0.58671875 0.0640625 0.06484375
1 0.77890625 0.596875 0.1140625 0.14765625
0 0.33125 0.64765625 0.075 0.1
1 0.16953125 0.68984375 0.1421875 0.2
2 0.3234375 0.72578125 0.09375 0.13125
3 0.79296875 0.728125 0.2640625 0.39375
0 0.60234375 0.73125 0.1078125 0.17109375
0 0.284375 0.87265625 0.121875 0.16640625