1 0.35078125 0.41640625 0.0453125 0.07109375
3 0.5953125 0.42109375 0.053125 0.075
0 0.39921875 0.44296875 0.0296875 0.03125
0 0.51328125 0.45625 0.0328125 0.04140625
3 0.30078125 0.47578125 0.0796875 0.13125
0 0.3828125 0.50234375 0.04375 0.0625
1 0.190625 0.52578125 0.090625 0.09375
0 0.365625 0.54765625 0.05 0.06640625
1 0.65625 0.58828125 0.08125 0.11875
1 0.2140625 0.59140625 0.125 0.16640625
1 0.084375 0.634375 0.125 0.13125
0 0.32734375 0.690625 0.0796875 0.11015625
3 0.93203125 0.72578125 0.1359375 0.28984375
0 0.6359375 0.815625 0.125 0.19765625
0 0.28046875 0.90703125 0.1359375 0.17734375