1 0.3171875 0.421875 0.034375 0.05234375
0 0.40390625 0.43125 0.0328125 0.0375
1 0.27578125 0.46328125 0.0546875 0.06484375
0 0.328125 0.47109375 0.0375 0.04609375
2 0.39375 0.47734375 0.034375 0.05
0 0.29609375 0.509375 0.0390625 0.03984375
0 0.378125 0.53125 0.04375 0.0625
1 0.16796875 0.54609375 0.0859375 0.1125
0 0.29453125 0.54921875 0.0546875 0.05625
0 0.63671875 0.559375 0.0609375 0.08515625
0 0.35078125 0.63046875 0.0734375 0.08125
1 0.06328125 0.64453125 0.1265625 0.15234375
1 0.19296875 0.66171875 0.1359375 0.16875