3 0.54375 0.36640625 0.040625 0.05859375
0 0.51640625 0.390625 0.0234375 0.04375
0 0.48828125 0.40234375 0.0296875 0.04140625
1 0.53828125 0.41796875 0.0390625 0.06875
1 0.3453125 0.43125 0.065625 0.10390625
3 0.60859375 0.43671875 0.0640625 0.08984375
0 0.50546875 0.44296875 0.0328125 0.04765625
0 0.39609375 0.46640625 0.0421875 0.05390625
3 0.25859375 0.52265625 0.1359375 0.20859375
0 0.3671875 0.54609375 0.075 0.125
0 0.58203125 0.56953125 0.1046875 0.10625
1 0.1359375 0.57734375 0.11875 0.10859375
0 0.33671875 0.62578125 0.0859375 0.10625
0 0.5859375 0.70234375 0.10625 0.175
1 0.115625 0.725 0.225 0.28359375
0 0.28359375 0.86875 0.1421875 0.1875