0 0.48046875 0.365625 0.0234375 0.03125
3 0.540625 0.36953125 0.040625 0.06875
0 0.5140625 0.3875 0.021875 0.03359375
0 0.490625 0.4 0.034375 0.0375
1 0.5375 0.41484375 0.0375 0.0625
1 0.3421875 0.42265625 0.06875 0.11640625
3 0.60390625 0.42734375 0.0671875 0.09140625
0 0.4078125 0.43984375 0.03125 0.0375
0 0.50078125 0.440625 0.0359375 0.05625
0 0.39375 0.46875 0.040625 0.05859375
3 0.25625 0.52421875 0.14375 0.20625
0 0.56875 0.54609375 0.0875 0.10859375
0 0.36953125 0.559375 0.0734375 0.09765625
1 0.1296875 0.58828125 0.125 0.10625
0 0.34375 0.62578125 0.09375 0.11484375
0 0.56640625 0.653125 0.0890625 0.13984375
1 0.11015625 0.74140625 0.2203125 0.30859375
0 0.28046875 0.86875 0.1390625 0.18359375