3 0.3484375 0.38203125 0.03125 0.04375
0 0.48046875 0.39140625 0.0234375 0.03359375
3 0.33046875 0.40078125 0.0390625 0.04765625
0 0.33359375 0.46875 0.0359375 0.04609375
1 0.21640625 0.475 0.0546875 0.05390625
1 0.28828125 0.49140625 0.0890625 0.14140625
0 0.38828125 0.5 0.0421875 0.06640625
0 0.3703125 0.54296875 0.065625 0.05625
0 0.625 0.571875 0.065625 0.08125
3 0.15390625 0.65703125 0.2203125 0.31875
0 0.33515625 0.66015625 0.0921875 0.12109375
0 0.30546875 0.68515625 0.0046875 0.00859375
0 0.29921875 0.75859375 0.0953125 0.15
1 0.0703125 0.8640625 0.140625 0.271875
0 0.26640625 0.91015625 0.1328125 0.17890625