1 0.359375 0.40546875 0.04375 0.06484375
3 0.33203125 0.43359375 0.0671875 0.10390625
0 0.40078125 0.43828125 0.0296875 0.03125
0 0.39453125 0.46953125 0.0359375 0.03515625
1 0.24296875 0.48828125 0.0609375 0.08125
0 0.38203125 0.49609375 0.0390625 0.05
1 0.2828125 0.50859375 0.08125 0.10859375
1 0.17421875 0.53828125 0.0796875 0.08515625
0 0.36640625 0.5625 0.0546875 0.07109375
1 0.08984375 0.603125 0.1390625 0.13125
0 0.571875 0.653125 0.0875 0.12734375
0 0.3375 0.67421875 0.084375 0.10625
2 0.1234375 0.759375 0.24375 0.36484375
3 0.94140625 0.76484375 0.1171875 0.3375
0 0.271875 0.86796875 0.121875 0.15625