1 0.35078125 0.41640625 0.0453125 0.07109375
0 0.39765625 0.446875 0.0296875 0.03125
3 0.3 0.48046875 0.084375 0.13984375
1 0.58515625 0.48984375 0.0515625 0.08359375
0 0.38046875 0.509375 0.0484375 0.06484375
1 0.17578125 0.53828125 0.0953125 0.09765625
0 0.54140625 0.55625 0.0609375 0.07890625
0 0.36015625 0.55859375 0.0546875 0.07109375
3 0.78984375 0.590625 0.1546875 0.21015625
1 0.20078125 0.615625 0.1421875 0.17265625
1 0.6875 0.62578125 0.1125 0.18984375
1 0.05859375 0.66328125 0.1171875 0.15234375
0 0.31796875 0.725 0.0890625 0.11640625