0 0.48046875 0.38046875 0.0203125 0.02265625
3 0.32109375 0.40859375 0.0328125 0.05390625
1 0.596875 0.43359375 0.04375 0.075
3 0.2765625 0.44140625 0.059375 0.075
1 0.56015625 0.44921875 0.0421875 0.08515625
0 0.39765625 0.45078125 0.0390625 0.05234375
0 0.346875 0.45234375 0.04375 0.04140625
0 0.3203125 0.4875 0.0375 0.05390625
1 0.17890625 0.49453125 0.0828125 0.11484375
0 0.375 0.50234375 0.046875 0.05859375
1 0.246875 0.55 0.146875 0.17890625
0 0.3734375 0.55078125 0.0625 0.05625
0 0.34375 0.59140625 0.059375 0.05390625
0 0.33359375 0.65234375 0.0984375 0.10390625
0 0.28828125 0.74765625 0.1203125 0.12890625
3 0.11484375 0.77578125 0.2265625 0.44765625
0 0.615625 0.79375 0.1125 0.19609375
0 0.26484375 0.909375 0.1359375 0.17265625