1 0.32890625 0.40859375 0.0296875 0.05
0 0.40625 0.421875 0.028125 0.02734375
1 0.6125 0.43125 0.05625 0.08359375
1 0.2859375 0.44609375 0.040625 0.05859375
0 0.3390625 0.45546875 0.03125 0.04375
0 0.39765625 0.465625 0.0296875 0.04765625
0 0.30625 0.48671875 0.034375 0.03515625
0 0.390625 0.50546875 0.0375 0.04765625
1 0.19609375 0.51796875 0.0765625 0.10625
0 0.309375 0.51796875 0.04375 0.05625
0 0.3703125 0.578125 0.0625 0.07265625
1 0.2453125 0.58828125 0.096875 0.12734375
1 0.109375 0.590625 0.090625 0.12734375
0 0.271875 0.9203125 0.1375 0.159375