1 0.28828125 0.43125 0.0640625 0.09609375
0 0.2546875 0.440625 0.0375 0.03984375
0 0.39140625 0.44140625 0.0265625 0.0375
0 0.34140625 0.46015625 0.0328125 0.04140625
0 0.234375 0.46875 0.0375 0.04609375
0 0.390625 0.48671875 0.040625 0.04765625
0 0.51796875 0.48671875 0.0390625 0.05234375
1 0.31015625 0.490625 0.0765625 0.11015625
0 0.184375 0.503125 0.053125 0.05234375
0 0.69296875 0.534375 0.0546875 0.06015625
0 0.3625 0.55 0.053125 0.07890625
0 0.17265625 0.559375 0.0640625 0.08125
0 0.2359375 0.6 0.071875 0.09609375
0 0.6640625 0.615625 0.08125 0.10625
0 0.56640625 0.63984375 0.0734375 0.1125
1 0.06171875 0.675 0.1234375 0.175
0 0.278125 0.67890625 0.10625 0.1125