1 0.5359375 0.40390625 0.040625 0.075
3 0.2984375 0.4125 0.0625 0.08359375
0 0.409375 0.42421875 0.028125 0.03984375
0 0.49453125 0.44296875 0.0234375 0.03515625
0 0.403125 0.45859375 0.0375 0.04140625
3 0.24140625 0.46796875 0.0796875 0.13515625
3 0.30703125 0.47578125 0.0765625 0.12734375
1 0.6359375 0.484375 0.0625 0.06875
0 0.3828125 0.5 0.046875 0.05390625
0 0.36328125 0.57421875 0.0640625 0.08125
1 0.14765625 0.59140625 0.1015625 0.12890625
0 0.2546875 0.59609375 0.078125 0.08359375
2 0.33984375 0.66796875 0.0796875 0.11015625
0 0.303125 0.81015625 0.10625 0.14609375