0 0.49921875 0.37421875 0.0234375 0.02734375
0 0.4890625 0.40234375 0.025 0.0375
0 0.4015625 0.43203125 0.034375 0.03984375
0 0.3546875 0.44765625 0.0375 0.04609375
0 0.390625 0.459375 0.03125 0.05625
1 0.2265625 0.490625 0.0875 0.13125
1 0.25859375 0.525 0.1046875 0.1625
0 0.38515625 0.528125 0.0484375 0.07265625
0 0.35234375 0.575 0.0515625 0.0625
0 0.3296875 0.65546875 0.084375 0.10625
3 0.153125 0.66328125 0.2 0.33515625
0 0.03046875 0.69453125 0.0609375 0.10625
0 0.296875 0.75 0.115625 0.12890625
1 0.06171875 0.86328125 0.1234375 0.27265625
0 0.26484375 0.9171875 0.1515625 0.165625