1 0.33828125 0.39765625 0.0265625 0.0375
1 0.30859375 0.42734375 0.0359375 0.04609375
0 0.35546875 0.428125 0.0296875 0.03515625
2 0.40234375 0.44453125 0.0296875 0.03984375
0 0.3296875 0.453125 0.028125 0.02734375
0 0.39375 0.48046875 0.0375 0.04765625
0 0.33203125 0.48125 0.0359375 0.04140625
1 0.2234375 0.49375 0.065625 0.09609375
1 0.2828125 0.52890625 0.071875 0.10859375
0 0.3796875 0.540625 0.05 0.06015625
1 0.746875 0.54453125 0.109375 0.16484375
1 0.159375 0.54765625 0.08125 0.10390625
1 0.06328125 0.65 0.1265625 0.19609375
1 0.15 0.7 0.14375 0.19140625
0 0.31015625 0.79140625 0.0984375 0.14140625