1 0.33515625 0.40234375 0.0265625 0.0375
1 0.30234375 0.43515625 0.0359375 0.04609375
0 0.35234375 0.43671875 0.0296875 0.03515625
0 0.40234375 0.45078125 0.0296875 0.03984375
0 0.325 0.46484375 0.025 0.02109375
0 0.390625 0.48671875 0.0375 0.04765625
1 0.6796875 0.48828125 0.078125 0.11875
0 0.32578125 0.48984375 0.0359375 0.04140625
1 0.2140625 0.50390625 0.065625 0.09609375
1 0.27109375 0.54765625 0.0734375 0.11640625
0 0.3765625 0.55078125 0.05 0.06015625
1 0.13984375 0.57421875 0.0859375 0.12265625
1 0.10234375 0.765625 0.1671875 0.21484375
0 0.2921875 0.83984375 0.1125 0.15