0 0.36015625 0.38125 0.0328125 0.04140625
0 0.5453125 0.38359375 0.03125 0.03359375
0 0.51328125 0.38828125 0.0265625 0.02734375
1 0.5671875 0.40625 0.034375 0.04609375
0 0.4890625 0.409375 0.03125 0.04375
0 0.3796875 0.41015625 0.021875 0.025
0 0.4015625 0.425 0.03125 0.0375
0 0.53515625 0.42734375 0.0296875 0.04609375
0 0.359375 0.43359375 0.025 0.04140625
0 0.41171875 0.44140625 0.0328125 0.04140625
0 0.334375 0.44453125 0.05 0.06484375
1 0.25625 0.45546875 0.06875 0.11875
0 0.56796875 0.45859375 0.0515625 0.06640625
0 0.50625 0.46875 0.059375 0.05390625
1 0.31640625 0.48359375 0.0671875 0.0875
0 0.378125 0.49375 0.059375 0.05390625
0 0.65546875 0.5 0.0578125 0.07890625
0 0.6125 0.53671875 0.0625 0.09765625
1 0.1765625 0.5375 0.153125 0.16640625
0 0.371875 0.54921875 0.065625 0.07734375
0 0.075 0.58984375 0.090625 0.1
0 0.5703125 0.6375 0.10625 0.14140625
0 0.09453125 0.65625 0.0890625 0.09609375
0 0.32421875 0.66484375 0.0828125 0.12890625
1 0.15546875 0.70859375 0.1984375 0.2625
0 0.05546875 0.9359375 0.1109375 0.128125