1 0.29765625 0.41875 0.0546875 0.08359375
2 0.55234375 0.43984375 0.0546875 0.09140625
1 0.33515625 0.44609375 0.0453125 0.07109375
0 0.6 0.45234375 0.03125 0.04609375
0 0.4015625 0.45390625 0.034375 0.04609375
1 0.2421875 0.46953125 0.078125 0.11875
0 0.209375 0.47578125 0.0375 0.05234375
0 0.38046875 0.490625 0.0390625 0.05625
0 0.3203125 0.49296875 0.046875 0.05625
0 0.665625 0.496875 0.05625 0.06875
0 0.6203125 0.55078125 0.059375 0.09375
0 0.5375 0.55234375 0.05625 0.08359375
1 0.265625 0.559375 0.103125 0.15234375
0 0.7546875 0.584375 0.090625 0.09375
0 0.07890625 0.59140625 0.0859375 0.09140625
0 0.15390625 0.6 0.0703125 0.07890625
0 0.35390625 0.61171875 0.0671875 0.08125
0 0.74375 0.76640625 0.121875 0.18359375
0 0.2796875 0.81796875 0.11875 0.16015625
0 0.090625 0.84453125 0.140625 0.19375