1 0.328125 0.4 0.034375 0.05859375
1 0.36875 0.40390625 0.0375 0.05390625
3 0.28203125 0.42734375 0.0703125 0.1
0 0.40625 0.43828125 0.028125 0.03984375
0 0.4015625 0.47265625 0.0375 0.04140625
3 0.22578125 0.47890625 0.1109375 0.1625
3 0.2953125 0.496875 0.09375 0.15234375
0 0.16953125 0.50859375 0.0421875 0.05
0 0.37421875 0.525 0.0515625 0.05390625
0 0.35234375 0.59296875 0.0640625 0.08125
1 0.10078125 0.64765625 0.1234375 0.15390625
0 0.20625 0.68203125 0.096875 0.10234375
2 0.3359375 0.69140625 0.0875 0.125
0 0.29609375 0.83359375 0.1140625 0.14609375