1 0.28828125 0.43125 0.0640625 0.09609375
0 0.2546875 0.440625 0.0375 0.03984375
0 0.39140625 0.44140625 0.0265625 0.0375
0 0.34140625 0.46015625 0.0328125 0.04140625
0 0.23125 0.46875 0.0375 0.04609375
0 0.51484375 0.47421875 0.0328125 0.05234375
1 0.31015625 0.490625 0.0765625 0.11015625
0 0.3890625 0.49453125 0.040625 0.04765625
0 0.175 0.50703125 0.053125 0.05234375
0 0.67421875 0.515625 0.0546875 0.06015625
0 0.3625 0.55 0.053125 0.07890625
0 0.16640625 0.5625 0.0671875 0.08359375
0 0.6453125 0.5875 0.075 0.09140625
0 0.55546875 0.60625 0.0640625 0.1
0 0.23203125 0.61015625 0.0765625 0.09609375
1 0.06171875 0.675 0.1234375 0.175
0 0.265625 0.69140625 0.1125 0.1125
0 0.65 0.9 0.15 0.2