1 0.35703125 0.4125 0.0453125 0.07109375
3 0.61484375 0.43046875 0.0546875 0.08984375
0 0.39921875 0.44296875 0.0296875 0.03125
3 0.30859375 0.46328125 0.0796875 0.13125
0 0.52578125 0.490625 0.0453125 0.06015625
0 0.384375 0.49375 0.04375 0.0625
1 0.2 0.521875 0.078125 0.08984375
0 0.36875 0.53828125 0.05 0.06484375
1 0.2375 0.571875 0.115625 0.14375
1 0.103125 0.61484375 0.109375 0.125
0 0.3328125 0.66484375 0.071875 0.09140625
1 0.75546875 0.73828125 0.1140625 0.18515625
0 0.29375 0.86484375 0.125 0.15859375