1 0.5078125 0.34609375 0.0125 0.025
0 0.4671875 0.346875 0.0125 0.01484375
1 0.4890625 0.34765625 0.015625 0.025
0 0.47734375 0.359375 0.0140625 0.01875
3 0.52421875 0.36328125 0.0203125 0.03515625
0 0.4828125 0.396875 0.015625 0.01875
0 0.36484375 0.42109375 0.0203125 0.02890625
0 0.40703125 0.42109375 0.0203125 0.02890625
1 0.54140625 0.42578125 0.0203125 0.03984375
1 0.31015625 0.46484375 0.0671875 0.125
1 0.57578125 0.46484375 0.0421875 0.06640625
1 0.240625 0.471875 0.05 0.07265625
0 0.5140625 0.47421875 0.034375 0.04765625
0 0.3953125 0.47578125 0.03125 0.04375
0 0.37734375 0.51640625 0.0421875 0.05390625
3 0.159375 0.65 0.225 0.30390625
0 0.3328125 0.65 0.075 0.1125
0 0.2953125 0.73984375 0.096875 0.11640625
1 0.05625 0.86640625 0.1125 0.26640625
0 0.2609375 0.90078125 0.128125 0.16484375