1 0.3359375 0.40546875 0.028125 0.03515625
0 0.3703125 0.41328125 0.025 0.03125
0 0.4125 0.41953125 0.025 0.02734375
0 0.48671875 0.42578125 0.0296875 0.03984375
0 0.29296875 0.43359375 0.0265625 0.03359375
0 0.54453125 0.440625 0.0296875 0.03515625
0 0.35078125 0.44765625 0.0296875 0.03359375
0 0.4 0.45546875 0.03125 0.03125
0 0.328125 0.48046875 0.040625 0.04765625
3 0.19609375 0.5 0.0921875 0.1125
0 0.3859375 0.503125 0.0375 0.04765625
0 0.53046875 0.515625 0.0515625 0.06015625
1 0.2859375 0.51640625 0.065625 0.09609375
0 0.67421875 0.52265625 0.0546875 0.06640625
0 0.3953125 0.5375 0.05 0.075
1 0.20703125 0.61953125 0.1046875 0.15234375
0 0.3296875 0.6375 0.06875 0.10859375
3 0.0671875 0.6375 0.134375 0.225
0 0.29921875 0.77421875 0.0765625 0.11015625
0 0.64140625 0.82421875 0.1265625 0.21015625
1 0.09296875 0.83125 0.1859375 0.3375
0 0.875 0.90390625 0.175 0.19140625
0 0.2359375 0.93671875 0.15 0.12265625