0 0.49609375 0.41484375 0.0234375 0.0375
1 0.34921875 0.41953125 0.0484375 0.06015625
0 0.403125 0.42109375 0.028125 0.02890625
3 0.284375 0.43359375 0.059375 0.07890625
0 0.4015625 0.44921875 0.034375 0.03515625
0 0.34140625 0.45234375 0.0328125 0.0375
3 0.23203125 0.4625 0.0859375 0.09609375
0 0.39140625 0.46875 0.0359375 0.04609375
0 0.3296875 0.47421875 0.0375 0.05234375
0 0.5078125 0.478125 0.0375 0.06875
0 0.3796875 0.47890625 0.034375 0.025
0 0.31015625 0.50078125 0.0453125 0.05234375
0 0.37578125 0.509375 0.0453125 0.05234375
0 0.27890625 0.546875 0.0484375 0.07265625
0 0.37109375 0.55546875 0.0453125 0.06875
0 0.3484375 0.60703125 0.065625 0.08125
1 0.1890625 0.61796875 0.196875 0.23984375
0 0.3234375 0.67421875 0.09375 0.11484375
1 0.04921875 0.67734375 0.0984375 0.24609375
0 0.2859375 0.79296875 0.11875 0.14375