1 0.3375 0.43515625 0.05625 0.0625
2 0.509375 0.43515625 0.059375 0.09140625
0 0.38828125 0.471875 0.0390625 0.04375
1 0.2484375 0.48359375 0.053125 0.0875
0 0.51640625 0.48828125 0.0421875 0.06015625
2 0.29609375 0.49140625 0.0859375 0.125
0 0.38359375 0.50234375 0.0421875 0.04140625
1 0.17578125 0.52109375 0.0859375 0.07890625
3 0.7296875 0.53203125 0.13125 0.15234375
0 0.3703125 0.54453125 0.05 0.06015625
0 0.34921875 0.60078125 0.0640625 0.06484375
1 0.05703125 0.65078125 0.1140625 0.19765625
0 0.32421875 0.671875 0.0859375 0.10625
3 0.16328125 0.678125 0.1984375 0.27734375
0 0.578125 0.69375 0.0875 0.14140625
2 0.86171875 0.784375 0.2765625 0.43125
0 0.28671875 0.84453125 0.1171875 0.18125