3 0.321875 0.396875 0.05 0.07734375
0 0.41328125 0.41484375 0.0265625 0.0375
0 0.4953125 0.42890625 0.028125 0.0375
3 0.3375 0.43515625 0.0625 0.09609375
0 0.41015625 0.43515625 0.0296875 0.03359375
3 0.27421875 0.44296875 0.0703125 0.11484375
0 0.51640625 0.471875 0.0328125 0.05234375
0 0.3921875 0.475 0.034375 0.04609375
1 0.60859375 0.490625 0.0734375 0.14765625
0 0.30546875 0.51328125 0.0546875 0.05625
0 0.5265625 0.52109375 0.046875 0.075
1 0.2109375 0.52734375 0.065625 0.09609375
0 0.3734375 0.53359375 0.05 0.05859375
0 0.13046875 0.55390625 0.0609375 0.06640625
2 0.35703125 0.609375 0.0671875 0.09375
1 0.09609375 0.64296875 0.1171875 0.13984375
0 0.58828125 0.721875 0.0859375 0.12265625
0 0.3234375 0.73515625 0.090625 0.125
0 0.1578125 0.753125 0.115625 0.12265625
1 0.9375 0.8828125 0.125 0.234375