1 0.3515625 0.43125 0.05625 0.0625
2 0.53671875 0.46953125 0.0859375 0.12734375
0 0.38828125 0.471875 0.0390625 0.04375
1 0.2546875 0.475 0.053125 0.0875
2 0.3 0.4875 0.078125 0.125
0 0.38359375 0.50234375 0.0421875 0.04140625
1 0.19375 0.51328125 0.075 0.07734375
0 0.3703125 0.54453125 0.05 0.06015625
0 0.54375 0.56640625 0.0625 0.09140625
0 0.35078125 0.596875 0.0640625 0.06484375
3 0.8140625 0.6125 0.190625 0.23359375
3 0.1953125 0.61640625 0.16875 0.21640625
1 0.0765625 0.62265625 0.11875 0.175
0 0.33125 0.65390625 0.075 0.1
2 0.29765625 0.80234375 0.1109375 0.16640625