0 0.3015625 0.44375 0.034375 0.04609375
0 0.34296875 0.45078125 0.0328125 0.04765625
0 0.3921875 0.46328125 0.0375 0.03984375
1 0.26328125 0.47109375 0.0515625 0.05859375
0 0.5140625 0.47421875 0.0375 0.04375
0 0.3265625 0.47578125 0.040625 0.03984375
0 0.39609375 0.49375 0.0421875 0.04609375
0 0.31484375 0.50625 0.0359375 0.0375
1 0.61953125 0.50859375 0.0609375 0.10859375
0 0.53359375 0.528125 0.0515625 0.07265625
0 0.3046875 0.53125 0.040625 0.06640625
0 0.37578125 0.534375 0.0515625 0.05234375
1 0.24609375 0.5625 0.0921875 0.125
0 0.3734375 0.56796875 0.046875 0.05234375
3 0.0953125 0.57734375 0.153125 0.17109375
0 0.38203125 0.61015625 0.0671875 0.09140625
1 0.19609375 0.63828125 0.1171875 0.16015625
1 0.03515625 0.68359375 0.0703125 0.1875
0 0.31015625 0.69296875 0.0953125 0.10625
0 0.5984375 0.75546875 0.103125 0.16875
0 0.29140625 0.809375 0.1046875 0.12734375
3 0.09140625 0.82890625 0.1828125 0.34140625
1 0.8984375 0.865625 0.203125 0.26875
0 0.228125 0.94140625 0.15 0.11640625