3 0.35703125 0.41484375 0.0515625 0.08359375
3 0.30546875 0.41875 0.0609375 0.08359375
0 0.3984375 0.45390625 0.034375 0.0375
0 0.21953125 0.47578125 0.0265625 0.03515625
0 0.3359375 0.478125 0.040625 0.03984375
1 0.25390625 0.484375 0.0546875 0.07734375
1 0.64296875 0.48515625 0.0578125 0.08359375
0 0.3875 0.48984375 0.040625 0.04609375
2 0.371875 0.56015625 0.05625 0.075
1 0.18046875 0.5625 0.0796875 0.1
0 0.24609375 0.60859375 0.0703125 0.07890625
0 0.34375 0.66015625 0.075 0.1
0 0.56953125 0.66953125 0.0796875 0.10625
0 0.13125 0.77421875 0.10625 0.11875
0 0.2625 0.90703125 0.13125 0.17265625