1 0.346875 0.42265625 0.05 0.0875
0 0.503125 0.434375 0.034375 0.05234375
0 0.39609375 0.45546875 0.0453125 0.04375
1 0.5703125 0.459375 0.05 0.07265625
3 0.6453125 0.46796875 0.075 0.12265625
3 0.278125 0.50390625 0.109375 0.17109375
0 0.52890625 0.50859375 0.0515625 0.07109375
0 0.37421875 0.53359375 0.0640625 0.08359375
1 0.1421875 0.58203125 0.115625 0.12734375
0 0.34921875 0.59921875 0.0703125 0.08984375
1 0.14375 0.67890625 0.190625 0.2375
1 0.03671875 0.725 0.0734375 0.1875
0 0.29296875 0.81796875 0.1078125 0.15234375
0 0.71640625 0.884375 0.1640625 0.22734375