0 0.37265625 0.40546875 0.0296875 0.03515625
1 0.33125 0.40625 0.03125 0.0375
2 0.41171875 0.42109375 0.0296875 0.03359375
0 0.35703125 0.43984375 0.0265625 0.03359375
0 0.403125 0.453125 0.03125 0.03984375
1 0.259375 0.4625 0.05 0.08359375
1 0.315625 0.484375 0.059375 0.07734375
0 0.5140625 0.4875 0.0375 0.05390625
0 0.39140625 0.49375 0.0390625 0.04140625
1 0.2109375 0.50078125 0.065625 0.08515625
1 0.6765625 0.51171875 0.06875 0.07734375
1 0.15625 0.56015625 0.090625 0.1375
1 0.25625 0.56015625 0.084375 0.12109375
1 0.64609375 0.56484375 0.0828125 0.1125
0 0.34296875 0.65859375 0.0734375 0.09140625
1 0.12265625 0.77265625 0.1765625 0.23359375
0 0.29375 0.86953125 0.134375 0.16875
0 0.665625 0.88203125 0.134375 0.21484375