1 0.4875 0.34375 0.015625 0.025
1 0.5078125 0.34609375 0.0125 0.025
0 0.4671875 0.346875 0.0125 0.01484375
0 0.47578125 0.35703125 0.0140625 0.01875
3 0.52265625 0.359375 0.0203125 0.03515625
0 0.48125 0.38671875 0.015625 0.01875
1 0.53203125 0.415625 0.0171875 0.03515625
0 0.36484375 0.42109375 0.0203125 0.02890625
0 0.40703125 0.42109375 0.0203125 0.02890625
1 0.56484375 0.44609375 0.0421875 0.06640625
0 0.50390625 0.45546875 0.0328125 0.05234375
1 0.240625 0.471875 0.05 0.07265625
1 0.3078125 0.47421875 0.084375 0.13125
0 0.3953125 0.47578125 0.03125 0.04375
0 0.37734375 0.51640625 0.0421875 0.05390625
0 0.3328125 0.65 0.075 0.1125
3 0.15546875 0.66171875 0.2296875 0.33984375
0 0.2953125 0.73984375 0.096875 0.11640625
1 0.05625 0.86640625 0.1125 0.26640625
0 0.2609375 0.90078125 0.128125 0.16484375