0 0.47890625 0.38984375 0.0234375 0.03359375
1 0.36875 0.39921875 0.034375 0.04375
0 0.54921875 0.4 0.0234375 0.02890625
0 0.4015625 0.41640625 0.028125 0.02890625
1 0.353125 0.425 0.0375 0.05859375
0 0.50390625 0.43203125 0.0296875 0.03515625
3 0.2921875 0.43359375 0.059375 0.075
0 0.4 0.45078125 0.034375 0.03984375
0 0.38984375 0.46875 0.0421875 0.04140625
0 0.33359375 0.471875 0.0421875 0.03984375
3 0.23828125 0.475 0.0921875 0.09140625
0 0.3109375 0.50078125 0.04375 0.04765625
0 0.37578125 0.50625 0.0453125 0.05390625
0 0.53046875 0.53984375 0.0546875 0.08359375
0 0.28671875 0.55078125 0.0515625 0.07734375
0 0.37265625 0.553125 0.0546875 0.06484375
0 0.34609375 0.60390625 0.0640625 0.06640625
1 0.1890625 0.60625 0.18125 0.22109375
1 0.06171875 0.659375 0.1234375 0.22734375
0 0.3234375 0.66953125 0.0875 0.11875
0 0.2859375 0.77890625 0.115625 0.15859375