0 0.48984375 0.415625 0.0234375 0.04765625
0 0.5734375 0.41640625 0.028125 0.04140625
0 0.528125 0.49140625 0.0375 0.0625
0 0.315625 0.5 0.04375 0.05
0 0.37890625 0.50859375 0.0484375 0.05390625
0 0.2859375 0.54609375 0.053125 0.07109375
0 0.3734375 0.55078125 0.053125 0.06875
1 0.2015625 0.596875 0.165625 0.22265625
0 0.3484375 0.59765625 0.05625 0.0625
1 0.0734375 0.6125 0.146875 0.19140625
0 0.3296875 0.665625 0.0875 0.11875
0 0.2921875 0.765625 0.10625 0.15234375
0 0.60625 0.76640625 0.10625 0.18359375