1 0.2859375 0.43828125 0.04375 0.07734375
3 0.61640625 0.44296875 0.0609375 0.10234375
1 0.3328125 0.45625 0.04375 0.06640625
0 0.396875 0.47265625 0.0375 0.04140625
3 0.178125 0.51796875 0.115625 0.15625
0 0.38046875 0.521875 0.0453125 0.06484375
0 0.3046875 0.5375 0.053125 0.05390625
3 0.68515625 0.61171875 0.1734375 0.23984375
1 0.846875 0.63984375 0.128125 0.18359375
0 0.34609375 0.66015625 0.0796875 0.1
3 0.12109375 0.80078125 0.2234375 0.39765625
0 0.27890625 0.87421875 0.1359375 0.18515625