3 0.31015625 0.4125 0.0578125 0.0875
0 0.41171875 0.41640625 0.0265625 0.0375
1 0.56796875 0.44296875 0.0578125 0.10234375
0 0.40859375 0.44375 0.0296875 0.03359375
0 0.49921875 0.44453125 0.0328125 0.05234375
3 0.26328125 0.45078125 0.0796875 0.11875
3 0.3234375 0.45390625 0.0625 0.10859375
0 0.3875 0.4875 0.034375 0.04609375
0 0.528125 0.534375 0.04375 0.06015625
0 0.28359375 0.5375 0.0546875 0.05859375
1 0.1890625 0.55078125 0.078125 0.11484375
0 0.36484375 0.55390625 0.0546875 0.07109375
1 0.746875 0.61015625 0.096875 0.12890625
2 0.35078125 0.63359375 0.0703125 0.1
1 0.0546875 0.69921875 0.109375 0.17265625
0 0.3125 0.77265625 0.096875 0.13359375
0 0.09609375 0.85546875 0.1390625 0.15625