0 0.53828125 0.42578125 0.0265625 0.03125
0 0.2890625 0.43671875 0.028125 0.03125
0 0.3484375 0.45078125 0.03125 0.03515625
0 0.396875 0.46015625 0.034375 0.0375
0 0.5203125 0.48046875 0.0375 0.05234375
0 0.3265625 0.48828125 0.0375 0.05625
0 0.64921875 0.49609375 0.0484375 0.05859375
0 0.38359375 0.50703125 0.0390625 0.04375
3 0.19609375 0.515625 0.1109375 0.16015625
1 0.2859375 0.51640625 0.065625 0.09609375
0 0.39453125 0.54296875 0.0484375 0.06484375
1 0.20703125 0.61953125 0.1046875 0.15234375
0 0.328125 0.65234375 0.06875 0.10859375
3 0.065625 0.65859375 0.13125 0.24609375
0 0.59140625 0.68359375 0.0921875 0.14609375
0 0.76640625 0.74296875 0.1171875 0.14375
0 0.94140625 0.76953125 0.1171875 0.16875
0 0.3 0.78125 0.1 0.11640625
1 0.08984375 0.82890625 0.1796875 0.33359375
0 0.23203125 0.93828125 0.1515625 0.12265625