1 0.48125 0.3375 0.015625 0.025
1 0.5 0.3375 0.0125 0.025
0 0.4640625 0.33828125 0.0125 0.01484375
1 0.51640625 0.34921875 0.0203125 0.03515625
0 0.47109375 0.35078125 0.0140625 0.01875
0 0.475 0.37421875 0.015625 0.01875
1 0.51640625 0.39296875 0.0171875 0.03515625
3 0.334375 0.39609375 0.0375 0.05859375
1 0.303125 0.41484375 0.04375 0.0625
1 0.54765625 0.41875 0.0421875 0.06640625
0 0.49375 0.421875 0.028125 0.03515625
1 0.3 0.47421875 0.084375 0.11875
0 0.3921875 0.49296875 0.0375 0.05234375
1 0.23046875 0.496875 0.0640625 0.09375
0 0.37734375 0.52578125 0.0453125 0.05625
3 0.15859375 0.65390625 0.2234375 0.32109375
0 0.32890625 0.66015625 0.0890625 0.125
0 0.29453125 0.75234375 0.1078125 0.125
1 0.065625 0.86328125 0.13125 0.27265625
0 0.26171875 0.9140625 0.1390625 0.171875