3 0.31015625 0.4125 0.0578125 0.0875
0 0.41171875 0.41640625 0.0265625 0.0375
1 0.56015625 0.43359375 0.0578125 0.09140625
0 0.49609375 0.43828125 0.0296875 0.04765625
0 0.40859375 0.44375 0.0296875 0.03359375
3 0.26328125 0.44921875 0.0796875 0.11875
3 0.3234375 0.45390625 0.0625 0.10859375
0 0.3875 0.4875 0.034375 0.04609375
0 0.5203125 0.5125 0.040625 0.05390625
0 0.28359375 0.54765625 0.0578125 0.0625
0 0.36484375 0.55390625 0.0546875 0.07109375
1 0.18671875 0.559375 0.0859375 0.11484375
1 0.72421875 0.578125 0.0859375 0.09765625
2 0.35078125 0.63828125 0.0703125 0.10625
1 0.0546875 0.70703125 0.109375 0.17265625
0 0.3125 0.77265625 0.096875 0.13359375
0 0.0828125 0.87734375 0.153125 0.1625