1 0.2984375 0.4125 0.0625 0.08359375
1 0.5453125 0.41640625 0.046875 0.075
0 0.4109375 0.41953125 0.028125 0.03984375
0 0.40390625 0.45234375 0.0328125 0.03359375
3 0.2546875 0.46015625 0.08125 0.125
3 0.31875 0.46171875 0.075 0.11875
0 0.50625 0.46640625 0.0375 0.05
0 0.38515625 0.49375 0.0390625 0.04609375
1 0.671875 0.521875 0.065625 0.07734375
0 0.27421875 0.56796875 0.0640625 0.07734375
0 0.3625 0.56796875 0.05625 0.07734375
1 0.16796875 0.57421875 0.0890625 0.12734375
0 0.34375 0.65625 0.075 0.10859375
0 0.3078125 0.79609375 0.10625 0.14609375