1 0.51640625 0.34921875 0.0234375 0.03125
1 0.49921875 0.3625 0.0203125 0.02890625
0 0.47265625 0.36328125 0.0140625 0.01875
1 0.39140625 0.375 0.0234375 0.03359375
3 0.54375 0.37734375 0.028125 0.04609375
0 0.50390625 0.38671875 0.0140625 0.02734375
0 0.48671875 0.40078125 0.0203125 0.02734375
0 0.3703125 0.4125 0.01875 0.02109375
0 0.40859375 0.415625 0.0234375 0.03515625
0 0.5015625 0.43203125 0.025 0.03984375
1 0.328125 0.45625 0.06875 0.1125
0 0.40078125 0.459375 0.0296875 0.03515625
1 0.25859375 0.46484375 0.0421875 0.0625
0 0.38828125 0.49296875 0.0359375 0.03984375
0 0.5171875 0.50234375 0.04375 0.06640625
1 0.646875 0.559375 0.090625 0.14765625
3 0.18984375 0.609375 0.1796875 0.26875
0 0.34140625 0.625 0.0734375 0.1
1 0.03828125 0.67734375 0.0765625 0.11640625
0 0.2953125 0.73984375 0.096875 0.125
1 0.8015625 0.7625 0.2125 0.37890625
1 0.05625 0.865625 0.1125 0.26875
0 0.259375 0.91015625 0.121875 0.1625