0 0.471875 0.36015625 0.015625 0.02109375
0 0.4953125 0.36171875 0.015625 0.02265625
1 0.3375 0.38125 0.040625 0.05390625
0 0.4234375 0.40546875 0.025 0.02734375
1 0.36875 0.40625 0.03125 0.05
0 0.49140625 0.41015625 0.0265625 0.0375
1 0.30390625 0.41484375 0.0578125 0.07890625
0 0.4046875 0.41484375 0.028125 0.03359375
1 0.35390625 0.42734375 0.0359375 0.05
0 0.3953125 0.43359375 0.028125 0.04140625
0 0.26953125 0.434375 0.0328125 0.03984375
0 0.3484375 0.44765625 0.03125 0.0375
0 0.23515625 0.459375 0.0453125 0.04375
0 0.39765625 0.46484375 0.0359375 0.04140625
1 0.32265625 0.478125 0.0578125 0.09765625
0 0.38359375 0.50234375 0.0515625 0.06640625
0 0.16484375 0.50625 0.0671875 0.08359375
0 0.215625 0.51796875 0.053125 0.07265625
0 0.5453125 0.54375 0.05625 0.075
0 0.26484375 0.56015625 0.0671875 0.08359375
1 0.14453125 0.571875 0.1234375 0.15234375
0 0.34765625 0.57578125 0.0671875 0.08125
0 0.62265625 0.78046875 0.1015625 0.16484375
0 0.140625 0.78203125 0.134375 0.17265625
0 0.2703125 0.88515625 0.146875 0.17890625