1 0.3359375 0.44375 0.05625 0.0625
3 0.64765625 0.465625 0.0734375 0.10234375
0 0.38828125 0.471875 0.0390625 0.04375
1 0.2296875 0.49375 0.059375 0.09140625
0 0.515625 0.49453125 0.040625 0.06484375
0 0.38359375 0.50234375 0.0421875 0.04140625
2 0.63515625 0.51171875 0.1140625 0.14765625
2 0.2859375 0.51484375 0.096875 0.13359375
1 0.15859375 0.54296875 0.0921875 0.08515625
0 0.3703125 0.54453125 0.05 0.06015625
0 0.34453125 0.609375 0.0640625 0.06484375
0 0.5703125 0.61875 0.06875 0.10390625
1 0.7609375 0.6875 0.18125 0.26640625
0 0.32109375 0.690625 0.0859375 0.10625
3 0.12734375 0.740625 0.2546875 0.34375
2 0.26796875 0.9125 0.1421875 0.175