0 0.37734375 0.40390625 0.0265625 0.03359375
3 0.54296875 0.415625 0.0515625 0.08515625
0 0.41484375 0.41640625 0.0234375 0.02890625
1 0.30625 0.41953125 0.04375 0.05234375
1 0.35390625 0.43046875 0.0390625 0.05625
0 0.40546875 0.44921875 0.0328125 0.03515625
0 0.61328125 0.45234375 0.0390625 0.04609375
1 0.2671875 0.453125 0.04375 0.06484375
0 0.509375 0.459375 0.0375 0.05234375
1 0.3140625 0.478125 0.05 0.07265625
1 0.225 0.48984375 0.059375 0.08359375
0 0.37578125 0.54296875 0.0484375 0.05625
1 0.26484375 0.55078125 0.0796875 0.11015625
0 0.54296875 0.578125 0.0578125 0.08984375
0 0.35078125 0.646875 0.0765625 0.09765625
3 0.06171875 0.66328125 0.1234375 0.24765625
0 0.19140625 0.74453125 0.1015625 0.10234375