0 0.48359375 0.38671875 0.0265625 0.03125
1 0.37421875 0.39375 0.0328125 0.05390625
0 0.41484375 0.403125 0.0328125 0.03125
1 0.53046875 0.40625 0.0421875 0.0625
0 0.359375 0.421875 0.034375 0.04765625
0 0.57421875 0.421875 0.0296875 0.03984375
0 0.3046875 0.43671875 0.040625 0.04765625
0 0.40390625 0.43671875 0.0328125 0.03515625
0 0.4953125 0.44140625 0.034375 0.0375
1 0.60625 0.44609375 0.05 0.075
0 0.5578125 0.45546875 0.040625 0.05234375
0 0.3375 0.459375 0.040625 0.04375
0 0.3984375 0.47109375 0.04375 0.04609375
0 0.24765625 0.4875 0.0484375 0.05
0 0.31875 0.49296875 0.053125 0.05234375
0 0.38359375 0.51640625 0.0484375 0.05
0 0.515625 0.51640625 0.053125 0.06640625
1 0.303125 0.525 0.053125 0.06640625
0 0.37578125 0.553125 0.0578125 0.06875
0 0.6984375 0.553125 0.075 0.09375
3 0.125 0.56484375 0.14375 0.19140625
1 0.25078125 0.56953125 0.1015625 0.13125
0 0.38125 0.61015625 0.075 0.09609375
1 0.69296875 0.62890625 0.1265625 0.15859375
0 0.56640625 0.63125 0.0828125 0.1125
1 0.1953125 0.640625 0.11875 0.15625
3 0.03984375 0.671875 0.0796875 0.18984375
0 0.3078125 0.68515625 0.096875 0.10390625
0 0.28984375 0.809375 0.1046875 0.13125
1 0.096875 0.82578125 0.19375 0.34765625
0 0.2328125 0.934375 0.1625 0.13125