3 0.55390625 0.42421875 0.0546875 0.10234375
1 0.6 0.42890625 0.040625 0.07890625
0 0.2890625 0.44140625 0.028125 0.04140625
0 0.496875 0.44296875 0.025 0.03515625
0 0.3390625 0.45625 0.03125 0.04140625
3 0.24375 0.48125 0.078125 0.12109375
0 0.32265625 0.48671875 0.0421875 0.05625
0 0.5234375 0.48828125 0.040625 0.06015625
0 0.37421875 0.51328125 0.0453125 0.06484375
0 0.28828125 0.54140625 0.0515625 0.06640625
3 0.14375 0.553125 0.159375 0.17734375
0 0.3671875 0.58125 0.05625 0.07890625
0 0.25546875 0.6 0.0671875 0.09140625
0 0.56484375 0.62421875 0.0703125 0.10625
0 0.325 0.67421875 0.078125 0.09375
0 0.25234375 0.90078125 0.1546875 0.19375
0 0.69921875 0.90390625 0.1515625 0.19140625