3 0.3234375 0.39765625 0.046875 0.05859375
0 0.49296875 0.41171875 0.0359375 0.05625
3 0.29765625 0.421875 0.0578125 0.07734375
0 0.4078125 0.42421875 0.03125 0.03984375
0 0.36171875 0.440625 0.0359375 0.04765625
1 0.23515625 0.44296875 0.0640625 0.07265625
0 0.33828125 0.46796875 0.0484375 0.03984375
0 0.515625 0.46875 0.040625 0.05
0 0.38828125 0.49609375 0.0515625 0.0625
1 0.25078125 0.53984375 0.1328125 0.16640625
1 0.14765625 0.54609375 0.1453125 0.15390625
0 0.3734375 0.56015625 0.065625 0.07890625
0 0.34453125 0.59921875 0.0484375 0.09765625
0 0.321875 0.65625 0.084375 0.14609375
3 0.13046875 0.69375 0.2515625 0.35
1 0.74765625 0.696875 0.1453125 0.26484375
1 0.890625 0.703125 0.171875 0.22734375
0 0.275 0.740625 0.1 0.16875
0 0.27265625 0.90625 0.1609375 0.1875