0 0.48984375 0.346875 0.0109375 0.01015625
1 0.51171875 0.34921875 0.0203125 0.02734375
0 0.4703125 0.35546875 0.0125 0.02265625
0 0.496875 0.375 0.015625 0.02890625
3 0.54140625 0.37890625 0.0296875 0.05
0 0.4828125 0.384375 0.01875 0.02734375
0 0.49296875 0.40859375 0.0234375 0.025
0 0.365625 0.42109375 0.021875 0.0375
0 0.40546875 0.42265625 0.0265625 0.03359375
1 0.32421875 0.453125 0.0734375 0.11484375
0 0.39375 0.4625 0.04375 0.02890625
1 0.2578125 0.46875 0.05625 0.07109375
0 0.5046875 0.47265625 0.040625 0.05
0 0.38828125 0.49921875 0.0515625 0.05234375
1 0.62421875 0.521875 0.0765625 0.09765625
3 0.184375 0.61953125 0.196875 0.26875
0 0.33359375 0.634375 0.0703125 0.11875
1 0.734375 0.65546875 0.165625 0.25625
0 0.2953125 0.746875 0.1 0.13515625
1 0.07109375 0.8640625 0.1421875 0.271875
0 0.2578125 0.9 0.1125 0.17109375
0 0.7078125 0.91328125 0.175 0.17265625