3 0.36953125 0.396875 0.0390625 0.05625
1 0.31640625 0.409375 0.0390625 0.06484375
1 0.35546875 0.425 0.0453125 0.06640625
3 0.265625 0.43671875 0.078125 0.09375
0 0.4015625 0.45078125 0.028125 0.03984375
0 0.39765625 0.48203125 0.0421875 0.05234375
3 0.18125 0.53125 0.140625 0.1875
0 0.36171875 0.54765625 0.0515625 0.05390625
3 0.25 0.55390625 0.109375 0.175
1 0.65234375 0.56796875 0.1078125 0.16875
0 0.346875 0.60625 0.06875 0.08359375
2 0.325 0.71640625 0.090625 0.12109375
0 0.29453125 0.83515625 0.1140625 0.14609375