0 0.50625 0.41953125 0.028125 0.03984375
1 0.30078125 0.42109375 0.0453125 0.06640625
2 0.34765625 0.42578125 0.0578125 0.07734375
1 0.26796875 0.44375 0.0484375 0.05390625
0 0.38828125 0.471875 0.0390625 0.04375
1 0.221875 0.49609375 0.071875 0.10859375
3 0.2953125 0.49765625 0.090625 0.12109375
0 0.38359375 0.50234375 0.0421875 0.04140625
0 0.5234375 0.51328125 0.053125 0.06875
0 0.3734375 0.540625 0.05 0.06015625
0 0.6484375 0.56953125 0.071875 0.10625
0 0.35234375 0.58671875 0.0640625 0.06484375
1 0.2328125 0.60625 0.1125 0.15
3 0.08125 0.61875 0.1625 0.2875
0 0.33125 0.64765625 0.075 0.1
0 0.57890625 0.68828125 0.0828125 0.13125
2 0.32890625 0.71796875 0.0859375 0.12734375
0 0.290625 0.83984375 0.1125 0.15