1 0.58515625 0.41484375 0.0390625 0.06640625
3 0.5453125 0.415625 0.05 0.09375
0 0.490625 0.42578125 0.025 0.03515625
0 0.284375 0.44375 0.028125 0.04140625
0 0.3375 0.45625 0.03125 0.04140625
0 0.50703125 0.4625 0.0390625 0.05
3 0.234375 0.48359375 0.078125 0.12109375
0 0.31640625 0.490625 0.0421875 0.05625
0 0.37421875 0.51328125 0.0453125 0.06484375
0 0.28828125 0.54140625 0.0515625 0.06640625
0 0.540625 0.56015625 0.05625 0.08359375
3 0.13984375 0.56171875 0.1671875 0.17734375
0 0.36640625 0.59140625 0.0609375 0.08359375
0 0.24765625 0.6125 0.0703125 0.09140625
0 0.31796875 0.69296875 0.0828125 0.10625
0 0.6171875 0.72890625 0.096875 0.15
0 0.23671875 0.925 0.1671875 0.15