0 0.37265625 0.40546875 0.0296875 0.03515625
1 0.33125 0.40859375 0.03125 0.0375
2 0.41171875 0.42109375 0.0296875 0.03359375
0 0.35390625 0.44375 0.0265625 0.03359375
0 0.403125 0.453125 0.03125 0.03984375
1 0.259375 0.4625 0.05 0.08359375
0 0.5109375 0.47265625 0.0375 0.05390625
1 0.315625 0.484375 0.059375 0.07734375
0 0.39140625 0.49375 0.0390625 0.04140625
1 0.6609375 0.49765625 0.059375 0.07890625
1 0.2015625 0.503125 0.065625 0.08515625
1 0.6296875 0.54375 0.06875 0.1
1 0.25 0.5625 0.084375 0.12109375
1 0.1453125 0.56640625 0.096875 0.14609375
0 0.34296875 0.65859375 0.0734375 0.09140625
0 0.621875 0.78046875 0.10625 0.16015625
1 0.10078125 0.79453125 0.1703125 0.25625
0 0.28671875 0.884375 0.1359375 0.18125