0 0.38046875 0.40078125 0.0296875 0.03515625
1 0.340625 0.40234375 0.03125 0.0375
0 0.41640625 0.4125 0.0296875 0.03359375
0 0.36484375 0.42109375 0.0265625 0.03359375
0 0.40703125 0.43515625 0.0234375 0.02890625
1 0.27578125 0.446875 0.0484375 0.07265625
1 0.33671875 0.45859375 0.0453125 0.075
0 0.3984375 0.475 0.034375 0.04140625
1 0.2234375 0.49140625 0.0625 0.08359375
1 0.18046875 0.52890625 0.0890625 0.125
1 0.2671875 0.534375 0.08125 0.11015625
0 0.5609375 0.609375 0.06875 0.10234375
0 0.35625 0.61015625 0.065625 0.08359375
1 0.81796875 0.64453125 0.1171875 0.11015625
1 0.18671875 0.671875 0.1265625 0.18515625
1 0.765625 0.73125 0.140625 0.20859375
0 0.31171875 0.796875 0.1140625 0.14375