1 0.35234375 0.3875 0.0265625 0.0375
0 0.37578125 0.40625 0.0265625 0.03359375
3 0.53828125 0.40625 0.0453125 0.075
0 0.41484375 0.41640625 0.0234375 0.02890625
1 0.3015625 0.41953125 0.04375 0.05234375
1 0.35390625 0.43046875 0.0390625 0.05625
0 0.50078125 0.44140625 0.0328125 0.04140625
0 0.60078125 0.44296875 0.0328125 0.04375
0 0.40546875 0.44921875 0.0328125 0.03515625
1 0.25859375 0.45625 0.0515625 0.07109375
1 0.30625 0.484375 0.05 0.08984375
1 0.2171875 0.49140625 0.065625 0.1
0 0.52421875 0.52578125 0.0484375 0.07265625
0 0.3734375 0.54921875 0.053125 0.06484375
1 0.253125 0.57109375 0.0875 0.12109375
0 0.34609375 0.66484375 0.0828125 0.10859375
0 0.16875 0.784375 0.115625 0.11484375