2 0.3578125 0.409375 0.046875 0.06875
1 0.29921875 0.42890625 0.0453125 0.06640625
3 0.3234375 0.453125 0.065625 0.08515625
0 0.39609375 0.453125 0.0390625 0.04375
1 0.25703125 0.46484375 0.0546875 0.09140625
0 0.38828125 0.49140625 0.0421875 0.05
0 0.52265625 0.49609375 0.0453125 0.06640625
1 0.28359375 0.52890625 0.0703125 0.1
0 0.3734375 0.53203125 0.05 0.06015625
3 0.1453125 0.53984375 0.15625 0.1875
0 0.34921875 0.5875 0.0578125 0.06640625
0 0.57265625 0.63359375 0.0765625 0.11640625
0 0.33125 0.64609375 0.075 0.1
0 0.32734375 0.71796875 0.0859375 0.12734375
0 0.290625 0.83984375 0.1125 0.15