1 0.28046875 0.4375 0.0640625 0.09609375
0 0.3921875 0.44921875 0.034375 0.04375
0 0.61015625 0.45390625 0.0328125 0.0375
0 0.23203125 0.459375 0.0453125 0.03984375
0 0.34140625 0.46015625 0.0328125 0.04140625
0 0.58125 0.49296875 0.05 0.06484375
0 0.2203125 0.49609375 0.040625 0.04609375
0 0.51875 0.503125 0.0375 0.05625
1 0.30078125 0.50703125 0.0765625 0.11015625
0 0.384375 0.51015625 0.046875 0.05390625
0 0.128125 0.54921875 0.065625 0.07265625
0 0.346875 0.58828125 0.0625 0.08125
0 0.13515625 0.596875 0.0734375 0.09375
0 0.54765625 0.60390625 0.0671875 0.1125
1 0.68515625 0.62578125 0.1015625 0.16875
0 0.2078125 0.64609375 0.084375 0.10390625
0 0.57421875 0.75546875 0.0953125 0.13515625
0 0.18046875 0.790625 0.1546875 0.13984375
0 0.92421875 0.84140625 0.1421875 0.2