3 0.265625 0.459375 0.071875 0.09375
0 0.32890625 0.478125 0.0359375 0.04765625
0 0.37890625 0.51015625 0.0453125 0.0625
3 0.18671875 0.51328125 0.1234375 0.13984375
0 0.2984375 0.52421875 0.04375 0.05234375
3 0.628125 0.52578125 0.11875 0.19765625
0 0.70703125 0.5375 0.0578125 0.07109375
0 0.37265625 0.5625 0.0515625 0.07109375
0 0.27265625 0.575 0.0609375 0.08359375
0 0.340625 0.62890625 0.071875 0.08359375
1 0.834375 0.64375 0.146875 0.21640625
0 0.59375 0.703125 0.0875 0.11875
1 0.115625 0.73984375 0.228125 0.35390625
0 0.29921875 0.77109375 0.1171875 0.1625