1 0.3375 0.40390625 0.03125 0.0375
0 0.37265625 0.40546875 0.0296875 0.03515625
2 0.41171875 0.42109375 0.0296875 0.03359375
0 0.35703125 0.43125 0.0265625 0.03359375
0 0.40625 0.44453125 0.03125 0.03984375
1 0.27109375 0.45078125 0.0484375 0.07265625
1 0.32890625 0.46875 0.0453125 0.075
0 0.39375 0.48671875 0.040625 0.04765625
1 0.2234375 0.49140625 0.0625 0.08359375
1 0.2671875 0.534375 0.08125 0.11015625
1 0.16953125 0.53984375 0.0890625 0.125
0 0.5375 0.54453125 0.05625 0.08125
1 0.74609375 0.58828125 0.0953125 0.09765625
0 0.353125 0.62734375 0.065625 0.08359375
1 0.7046875 0.640625 0.103125 0.15625
1 0.15859375 0.70859375 0.1328125 0.19140625
0 0.30546875 0.81328125 0.1140625 0.14375