0 0.3609375 0.41875 0.034375 0.04140625
0 0.40546875 0.428125 0.0328125 0.03984375
0 0.30546875 0.43515625 0.0421875 0.05
1 0.6125 0.44765625 0.046875 0.075
0 0.49765625 0.44921875 0.0328125 0.04375
0 0.34375 0.453125 0.040625 0.04375
0 0.40390625 0.4625 0.0390625 0.04140625
0 0.56484375 0.46484375 0.0359375 0.04609375
0 0.25 0.48203125 0.04375 0.03984375
0 0.32421875 0.4875 0.0421875 0.04140625
0 0.38359375 0.50859375 0.0453125 0.05
0 0.30546875 0.51484375 0.0484375 0.0625
0 0.52109375 0.53828125 0.0515625 0.06484375
0 0.375 0.55 0.046875 0.05859375
3 0.13984375 0.55703125 0.1359375 0.18125
1 0.25078125 0.56953125 0.1015625 0.13125
0 0.7234375 0.57421875 0.075 0.09375
0 0.38359375 0.60234375 0.0609375 0.0875
1 0.1953125 0.640625 0.11875 0.15625
1 0.71015625 0.66484375 0.1390625 0.175
3 0.03984375 0.671875 0.0796875 0.18984375
0 0.58359375 0.67578125 0.0859375 0.13984375
0 0.3078125 0.68515625 0.096875 0.10390625
0 0.28984375 0.809375 0.1046875 0.13125
3 0.096875 0.82578125 0.19375 0.34765625
0 0.2296875 0.9390625 0.15625 0.121875