0 0.46484375 0.34296875 0.0109375 0.01875
0 0.47421875 0.35703125 0.0140625 0.01875
3 0.52890625 0.36015625 0.0234375 0.0375
0 0.5015625 0.36796875 0.015625 0.02265625
0 0.478125 0.37421875 0.01875 0.01875
1 0.515625 0.38828125 0.021875 0.03984375
0 0.4828125 0.39765625 0.025 0.02890625
3 0.57421875 0.40078125 0.0484375 0.07265625
0 0.41015625 0.41484375 0.0265625 0.02890625
1 0.33359375 0.43671875 0.0609375 0.10234375
0 0.52890625 0.44453125 0.0296875 0.04375
0 0.40546875 0.446875 0.0234375 0.03515625
0 0.5109375 0.471875 0.034375 0.06015625
0 0.39140625 0.47734375 0.0359375 0.04609375
3 0.23046875 0.56953125 0.1484375 0.23984375
0 0.35390625 0.58515625 0.0734375 0.09609375
0 0.56484375 0.590625 0.0640625 0.08984375
1 0.07734375 0.6375 0.1265625 0.14609375
0 0.31875 0.67109375 0.0875 0.11640625
1 0.0796875 0.8375 0.159375 0.325
0 0.2578125 0.9 0.1375 0.1875