3 0.35703125 0.41484375 0.0515625 0.08359375
3 0.30546875 0.41640625 0.0609375 0.08359375
0 0.4 0.45 0.034375 0.0375
0 0.33671875 0.47265625 0.0421875 0.05
0 0.21953125 0.47578125 0.0265625 0.03515625
1 0.25390625 0.484375 0.0546875 0.07734375
0 0.3875 0.48984375 0.040625 0.04609375
1 0.66015625 0.5 0.0578125 0.08359375
1 0.18671875 0.55859375 0.0796875 0.1
2 0.371875 0.559375 0.05625 0.07265625
0 0.25234375 0.59765625 0.0703125 0.075
0 0.34375 0.66015625 0.075 0.1
0 0.58984375 0.734375 0.0953125 0.13515625
0 0.14375 0.75390625 0.103125 0.10859375
0 0.2640625 0.89453125 0.13125 0.17265625