1 0.35078125 0.41640625 0.0453125 0.07109375
0 0.50859375 0.44609375 0.0328125 0.04140625
0 0.39765625 0.446875 0.0296875 0.03125
3 0.30078125 0.47578125 0.0796875 0.13125
0 0.3828125 0.50234375 0.04375 0.0625
1 0.1921875 0.53203125 0.090625 0.09375
0 0.365625 0.54765625 0.05 0.06640625
1 0.63671875 0.56484375 0.0640625 0.10390625
1 0.2140625 0.59140625 0.125 0.16640625
1 0.0828125 0.63359375 0.128125 0.13359375
0 0.32734375 0.690625 0.0796875 0.11015625
3 0.9109375 0.71015625 0.178125 0.325
0 0.60546875 0.73203125 0.1015625 0.15625
1 0.88515625 0.85625 0.2296875 0.2875
0 0.2765625 0.9140625 0.14375 0.171875