2 0.3578125 0.409375 0.046875 0.06875
1 0.29921875 0.42890625 0.0453125 0.06640625
0 0.40234375 0.43671875 0.0328125 0.04375
3 0.3328125 0.44453125 0.065625 0.08515625
1 0.2703125 0.45 0.053125 0.08359375
0 0.38828125 0.49140625 0.0421875 0.05
1 0.2953125 0.50859375 0.065625 0.09609375
3 0.1765625 0.51484375 0.125 0.17109375
0 0.3734375 0.53203125 0.05 0.06015625
0 0.34921875 0.5875 0.0578125 0.06640625
0 0.56171875 0.60078125 0.0671875 0.10234375
0 0.33125 0.64609375 0.075 0.1
3 0.0703125 0.6875 0.140625 0.30859375
2 0.32421875 0.71796875 0.0859375 0.12734375
0 0.29375 0.8375 0.1125 0.15