3 0.27421875 0.44609375 0.0671875 0.10859375
0 0.3875 0.45703125 0.034375 0.04375
0 0.34140625 0.46015625 0.0328125 0.04140625
0 0.21171875 0.48671875 0.0515625 0.04765625
0 0.51640625 0.50859375 0.0421875 0.07890625
1 0.29765625 0.51484375 0.0828125 0.12109375
0 0.21015625 0.52109375 0.0453125 0.05390625
1 0.60703125 0.521875 0.0671875 0.11484375
0 0.3828125 0.52734375 0.046875 0.05390625
0 0.52734375 0.57890625 0.0578125 0.0875
0 0.0703125 0.59921875 0.065625 0.08984375
0 0.3390625 0.61484375 0.075 0.10390625
0 0.1046875 0.628125 0.08125 0.10625
0 0.1859375 0.68515625 0.1 0.12890625
2 0.8140625 0.778125 0.29375 0.44375
0 0.1046875 0.86953125 0.1625 0.17265625