1 0.51953125 0.35546875 0.0234375 0.03125
1 0.50234375 0.36640625 0.0203125 0.02890625
0 0.47421875 0.36875 0.0140625 0.025
1 0.39140625 0.375 0.0234375 0.03359375
3 0.546875 0.38359375 0.028125 0.04609375
0 0.5078125 0.39453125 0.01875 0.03125
0 0.48828125 0.40703125 0.0203125 0.02734375
0 0.3703125 0.4125 0.01875 0.02109375
0 0.40859375 0.415625 0.0234375 0.03515625
0 0.50625 0.44453125 0.025 0.03984375
1 0.328125 0.45 0.06875 0.1125
0 0.40078125 0.459375 0.0296875 0.03515625
1 0.25859375 0.46484375 0.0421875 0.0625
0 0.38828125 0.49296875 0.0359375 0.03984375
0 0.5328125 0.54140625 0.04375 0.06640625
3 0.20234375 0.60546875 0.1796875 0.26875
1 0.6921875 0.61796875 0.090625 0.14765625
0 0.34140625 0.625 0.0734375 0.1
1 0.05390625 0.665625 0.1078125 0.13984375
0 0.2953125 0.73984375 0.096875 0.125
1 0.88984375 0.83125 0.2203125 0.33359375
1 0.06875 0.86015625 0.1375 0.27890625
0 0.259375 0.91015625 0.121875 0.1625