1 0.28046875 0.446875 0.0515625 0.07265625
2 0.3328125 0.45078125 0.0625 0.09765625
1 0.2328125 0.46875 0.059375 0.0625
0 0.38828125 0.471875 0.0390625 0.04375
0 0.38359375 0.50234375 0.0421875 0.04140625
1 0.69921875 0.52421875 0.0796875 0.10234375
3 0.265625 0.53671875 0.115625 0.15625
1 0.17421875 0.53828125 0.0828125 0.13125
0 0.3734375 0.540625 0.05 0.06015625
0 0.12734375 0.540625 0.0453125 0.05625
0 0.35234375 0.58671875 0.0640625 0.06484375
0 0.55546875 0.58984375 0.0734375 0.1
3 0.69375 0.60859375 0.175 0.2625
0 0.33125 0.64765625 0.075 0.1
1 0.146875 0.72265625 0.16875 0.24140625
2 0.31875 0.73046875 0.09375 0.13125
0 0.5921875 0.76796875 0.109375 0.16875
0 0.2796875 0.90078125 0.134375 0.18515625