1 0.3375 0.43515625 0.05625 0.0625
0 0.50703125 0.459375 0.0390625 0.05625
0 0.38828125 0.471875 0.0390625 0.04375
1 0.2359375 0.49140625 0.059375 0.09140625
2 0.29609375 0.49140625 0.0859375 0.125
3 0.7 0.49609375 0.115625 0.12109375
0 0.38359375 0.50234375 0.0421875 0.04140625
1 0.17890625 0.53359375 0.0859375 0.07890625
0 0.3703125 0.54453125 0.05 0.06015625
0 0.34921875 0.60078125 0.0640625 0.06484375
0 0.55390625 0.609375 0.0703125 0.10234375
1 0.05703125 0.65703125 0.1140625 0.19765625
0 0.32421875 0.671875 0.0859375 0.10625
2 0.784375 0.67421875 0.2375 0.32265625
3 0.15546875 0.69140625 0.2109375 0.29140625
2 0.28203125 0.86328125 0.1296875 0.18515625
0 0.69765625 0.91640625 0.1453125 0.16640625