0 0.48984375 0.403125 0.0296875 0.03984375
3 0.2984375 0.42421875 0.053125 0.07734375
0 0.409375 0.425 0.034375 0.03359375
0 0.3578125 0.43828125 0.046875 0.05234375
1 0.228125 0.46640625 0.065625 0.08359375
0 0.3359375 0.46796875 0.0375 0.04375
0 0.515625 0.46796875 0.053125 0.07734375
0 0.38203125 0.48984375 0.0578125 0.0625
1 0.2484375 0.54140625 0.11875 0.19609375
0 0.3828125 0.546875 0.0625 0.06875
1 0.134375 0.54921875 0.140625 0.16484375
0 0.34453125 0.596875 0.0609375 0.06875
1 0.8375 0.64609375 0.175 0.225
0 0.328125 0.6625 0.08125 0.125
1 0.72265625 0.66484375 0.1515625 0.2625
3 0.125 0.690625 0.25 0.38515625
0 0.29296875 0.74921875 0.0984375 0.14375
0 0.26796875 0.9125 0.1671875 0.175