1 0.35625 0.40625 0.05 0.075
0 0.49765625 0.43359375 0.0328125 0.04140625
0 0.40078125 0.44296875 0.0296875 0.03125
3 0.62421875 0.44609375 0.0640625 0.08359375
3 0.3140625 0.46328125 0.08125 0.12734375
0 0.38828125 0.490625 0.0421875 0.05625
1 0.20703125 0.52265625 0.0828125 0.09140625
0 0.3734375 0.525 0.053125 0.0625
0 0.53671875 0.525 0.0515625 0.07109375
1 0.23984375 0.559375 0.1078125 0.13515625
1 0.11640625 0.603125 0.1046875 0.11875
0 0.33984375 0.65078125 0.0765625 0.09765625
0 0.29921875 0.83984375 0.1234375 0.15859375
0 0.88828125 0.89140625 0.1828125 0.21640625