3 0.35078125 0.41875 0.0515625 0.08359375
3 0.29609375 0.42578125 0.0671875 0.09375
1 0.60703125 0.453125 0.0390625 0.06484375
0 0.3984375 0.45390625 0.034375 0.0375
0 0.325 0.48359375 0.04375 0.04609375
0 0.203125 0.48671875 0.0375 0.04765625
1 0.24453125 0.496875 0.0546875 0.08125
0 0.38359375 0.50625 0.0421875 0.05859375
0 0.53125 0.546875 0.053125 0.07265625
1 0.1609375 0.57734375 0.084375 0.10390625
0 0.365625 0.57734375 0.059375 0.08359375
0 0.2265625 0.63828125 0.084375 0.08984375
0 0.3390625 0.68125 0.078125 0.10390625
0 0.59453125 0.709375 0.0890625 0.14375
1 0.796875 0.73671875 0.209375 0.35625
0 0.08984375 0.84453125 0.1296875 0.13515625
0 0.2515625 0.928125 0.146875 0.14375