1 0.346875 0.37109375 0.03125 0.04609375
1 0.3265625 0.39921875 0.04375 0.06875
0 0.30234375 0.40390625 0.0203125 0.03359375
0 0.4234375 0.40546875 0.021875 0.02734375
1 0.540625 0.40859375 0.0375 0.05859375
0 0.40390625 0.41015625 0.0234375 0.02890625
1 0.359375 0.41484375 0.0375 0.05
0 0.27734375 0.42734375 0.0328125 0.0375
0 0.396875 0.43203125 0.03125 0.03515625
0 0.39921875 0.45234375 0.0359375 0.04609375
0 0.278125 0.45390625 0.034375 0.05
1 0.33671875 0.45390625 0.0484375 0.07890625
0 0.21796875 0.465625 0.0234375 0.05234375
0 0.5671875 0.465625 0.0375 0.05234375
1 0.25390625 0.47890625 0.0609375 0.0875
0 0.3890625 0.48359375 0.04375 0.05390625
0 0.5453125 0.48671875 0.04375 0.05234375
0 0.3046875 0.50390625 0.053125 0.07109375
0 0.5359375 0.52578125 0.05 0.06484375
0 0.36328125 0.56171875 0.0609375 0.07734375
0 0.17734375 0.58046875 0.0703125 0.08125
0 0.26171875 0.58671875 0.0671875 0.08984375
0 0.08828125 0.86328125 0.1515625 0.19375