1 0.33359375 0.39609375 0.0328125 0.04140625
1 0.3703125 0.4 0.03125 0.04609375
1 0.578125 0.40546875 0.0375 0.06875
1 0.3515625 0.42265625 0.040625 0.0625
0 0.49296875 0.42890625 0.0265625 0.04140625
1 0.28984375 0.43671875 0.0515625 0.07265625
1 0.55078125 0.43671875 0.0359375 0.06875
1 0.328125 0.46640625 0.040625 0.05390625
0 0.51640625 0.50078125 0.0390625 0.06015625
1 0.26640625 0.53203125 0.0796875 0.12265625
3 0.64765625 0.54453125 0.1140625 0.19765625
0 0.575 0.65 0.065625 0.09609375
0 0.30859375 0.70703125 0.0828125 0.10625