0 0.40703125 0.4125 0.0265625 0.02890625
1 0.55 0.428125 0.05 0.06875
0 0.38671875 0.45859375 0.0390625 0.04609375
0 0.51484375 0.496875 0.0421875 0.06015625
1 0.671875 0.521875 0.05625 0.07734375
0 0.60546875 0.52734375 0.0546875 0.07109375
1 0.2828125 0.55078125 0.059375 0.08515625
3 0.15859375 0.55234375 0.1421875 0.17109375
0 0.54921875 0.59453125 0.0640625 0.08515625
0 0.671875 0.60625 0.071875 0.09609375
3 0.87890625 0.79140625 0.2421875 0.41640625
0 0.11796875 0.80078125 0.1296875 0.14375
0 0.28359375 0.81640625 0.1078125 0.15