1 0.534375 0.40546875 0.04375 0.05234375
0 0.49765625 0.440625 0.0328125 0.04375
0 0.3921875 0.44921875 0.034375 0.03984375
0 0.565625 0.46328125 0.04375 0.05234375
1 0.61796875 0.46875 0.0453125 0.05390625
0 0.51171875 0.48515625 0.0453125 0.05859375
0 0.60234375 0.51171875 0.0515625 0.06484375
0 0.35546875 0.55390625 0.0609375 0.075
1 0.7265625 0.621875 0.2 0.32734375
3 0.05703125 0.67890625 0.1140625 0.23359375
0 0.6140625 0.74921875 0.10625 0.16484375
1 0.16015625 0.75078125 0.1203125 0.16484375