1 0.36875 0.39609375 0.03125 0.05390625
1 0.32734375 0.4 0.0390625 0.05390625
1 0.484375 0.41640625 0.028125 0.0375
1 0.35625 0.42265625 0.028125 0.04140625
1 0.59765625 0.42421875 0.0484375 0.08125
0 0.56328125 0.453125 0.0328125 0.05234375
1 0.3234375 0.459375 0.04375 0.07734375
0 0.51171875 0.48359375 0.0421875 0.05390625
0 0.37734375 0.49921875 0.0453125 0.05234375
1 0.59296875 0.5 0.0546875 0.1
0 0.58828125 0.709375 0.0890625 0.14765625
0 0.13984375 0.74296875 0.1109375 0.14765625
3 0.85546875 0.7859375 0.2890625 0.428125
0 0.2578125 0.88671875 0.125 0.14765625