0 0.37265625 0.40546875 0.0265625 0.03125
3 0.31484375 0.409375 0.0484375 0.07265625
0 0.4921875 0.42109375 0.025 0.03359375
0 0.4046875 0.42734375 0.03125 0.0375
0 0.35390625 0.43828125 0.0328125 0.04375
1 0.56796875 0.43828125 0.0578125 0.09765625
0 0.40234375 0.45234375 0.0328125 0.04609375
0 0.503125 0.45546875 0.03125 0.03984375
0 0.521875 0.50234375 0.034375 0.05
0 0.66875 0.50546875 0.0375 0.04765625
1 0.26171875 0.534375 0.0828125 0.13984375
1 0.69453125 0.63359375 0.1421875 0.17890625
1 0.090625 0.73125 0.175 0.225