0 0.41484375 0.375 0.0234375 0.02890625
3 0.52265625 0.38203125 0.0421875 0.06875
0 0.48125 0.39140625 0.021875 0.025
0 0.4140625 0.40703125 0.028125 0.03515625
1 0.34921875 0.42109375 0.0453125 0.08359375
0 0.50703125 0.47890625 0.0421875 0.06640625
1 0.22109375 0.49609375 0.0828125 0.10390625
0 0.62421875 0.56640625 0.0578125 0.09140625
1 0.24296875 0.57265625 0.0984375 0.12890625
1 0.79453125 0.60390625 0.1140625 0.1875
0 0.3390625 0.65 0.071875 0.09609375
0 0.584375 0.6875 0.084375 0.14609375