3 0.37890625 0.38046875 0.0328125 0.05625
1 0.53984375 0.41171875 0.0421875 0.05234375
0 0.39765625 0.434375 0.0328125 0.04375
0 0.503125 0.45390625 0.034375 0.05
1 0.6296875 0.47890625 0.04375 0.05859375
0 0.57734375 0.48203125 0.0421875 0.05234375
0 0.3671875 0.509375 0.05625 0.06484375
0 0.521875 0.51015625 0.046875 0.0625
0 0.61953125 0.53359375 0.0578125 0.075
3 0.0828125 0.64765625 0.165625 0.25859375
1 0.21640625 0.65703125 0.0953125 0.11875
3 0.7765625 0.70390625 0.246875 0.42109375
0 0.6875 0.903125 0.153125 0.19375