1 0.3640625 0.40859375 0.034375 0.05
0 0.49296875 0.415625 0.0296875 0.03984375
0 0.3875 0.47109375 0.034375 0.04609375
1 0.65703125 0.48046875 0.0671875 0.10625
1 0.31328125 0.496875 0.0453125 0.06015625
0 0.51640625 0.51640625 0.0453125 0.06640625
1 0.1171875 0.57109375 0.10625 0.175
0 0.66484375 0.59765625 0.0734375 0.10859375
1 0.19140625 0.621875 0.1578125 0.21015625
0 0.29921875 0.76640625 0.1078125 0.14609375
1 0.85546875 0.8515625 0.2140625 0.296875
0 0.64921875 0.890625 0.1390625 0.21875