3 0.51953125 0.37890625 0.0421875 0.07890625
1 0.55546875 0.38828125 0.0328125 0.03515625
1 0.31171875 0.41640625 0.0390625 0.0625
0 0.4875 0.41875 0.03125 0.04140625
2 0.40078125 0.41953125 0.0328125 0.05234375
1 0.59453125 0.43828125 0.0328125 0.04375
1 0.34375 0.43984375 0.040625 0.07109375
1 0.39609375 0.46875 0.0421875 0.07109375
0 0.5203125 0.49296875 0.040625 0.06015625
3 0.68046875 0.60390625 0.1328125 0.15390625
1 0.08828125 0.63125 0.1765625 0.26640625
0 0.3046875 0.73828125 0.096875 0.12734375
0 0.66875 0.82109375 0.125 0.2