0 0.37578125 0.403125 0.0265625 0.03125
3 0.3171875 0.40703125 0.053125 0.07734375
0 0.4078125 0.40859375 0.03125 0.0375
0 0.49375 0.425 0.025 0.03359375
0 0.35546875 0.434375 0.0328125 0.04375
1 0.57578125 0.440625 0.0578125 0.09765625
0 0.40859375 0.44375 0.0328125 0.04609375
0 0.5078125 0.46171875 0.03125 0.03984375
0 0.525 0.5125 0.04375 0.0625
0 0.68671875 0.51953125 0.0515625 0.06875
1 0.27421875 0.525 0.0734375 0.12890625
1 0.71640625 0.64765625 0.1578125 0.18359375
1 0.12265625 0.68828125 0.1640625 0.21015625