1 0.5375 0.39609375 0.040625 0.07890625
0 0.4046875 0.41171875 0.021875 0.02734375
0 0.584375 0.42109375 0.028125 0.0375
0 0.49453125 0.43671875 0.0328125 0.04375
1 0.3453125 0.44921875 0.0375 0.05625
3 0.265625 0.45625 0.084375 0.10859375
1 0.5921875 0.48203125 0.075 0.10234375
0 0.3796875 0.49296875 0.04375 0.05625
0 0.2984375 0.521875 0.053125 0.06484375
0 0.34609375 0.62109375 0.0671875 0.0875
0 0.60078125 0.74140625 0.0953125 0.14609375
0 0.74765625 0.74921875 0.1171875 0.16015625
1 0.9203125 0.775 0.14375 0.17109375